OP,GPU_num,GPU_used,data_size(B),Bandwidth(GB/s)
all_reduce_perf,1,0,2147483648,0.00
all_reduce_perf,1,1,2147483648,0.00
all_reduce_perf,1,2,2147483648,0.00
all_reduce_perf,1,3,2147483648,0.00
all_reduce_perf,1,4,2147483648,0.00
all_reduce_perf,1,5,2147483648,0.00
all_reduce_perf,1,6,2147483648,0.00
all_reduce_perf,1,7,2147483648,0.00
all_reduce_perf,2,01,2147483648,338.30
all_reduce_perf,2,02,2147483648,341.74
all_reduce_perf,2,03,2147483648,339.74
all_reduce_perf,2,04,2147483648,340.95
all_reduce_perf,2,05,2147483648,338.91
all_reduce_perf,2,06,2147483648,337.74
all_reduce_perf,2,07,2147483648,336.31
all_reduce_perf,2,12,2147483648,338.67
all_reduce_perf,2,13,2147483648,340.04
all_reduce_perf,2,14,2147483648,341.48
all_reduce_perf,2,15,2147483648,342.19
all_reduce_perf,2,16,2147483648,339.93
all_reduce_perf,2,17,2147483648,337.10
all_reduce_perf,2,23,2147483648,340.54
all_reduce_perf,2,24,2147483648,341.10
all_reduce_perf,2,25,2147483648,339.34
all_reduce_perf,2,26,2147483648,342.76
all_reduce_perf,2,27,2147483648,337.26
all_reduce_perf,2,34,2147483648,341.33
all_reduce_perf,2,35,2147483648,339.84
all_reduce_perf,2,36,2147483648,341.35
all_reduce_perf,2,37,2147483648,337.37
all_reduce_perf,2,45,2147483648,338.79
all_reduce_perf,2,46,2147483648,338.23
all_reduce_perf,2,47,2147483648,335.04
all_reduce_perf,2,56,2147483648,339.07
all_reduce_perf,2,57,2147483648,333.34
all_reduce_perf,2,67,2147483648,336.83
all_reduce_perf,3,012,2147483648,355.28
all_reduce_perf,3,013,2147483648,355.87
all_reduce_perf,3,014,2147483648,355.95
all_reduce_perf,3,015,2147483648,355.81
all_reduce_perf,3,016,2147483648,355.07
all_reduce_perf,3,017,2147483648,355.96
all_reduce_perf,3,023,2147483648,355.08
all_reduce_perf,3,024,2147483648,355.57
all_reduce_perf,3,025,2147483648,354.98
all_reduce_perf,3,026,2147483648,354.88
all_reduce_perf,3,027,2147483648,356.21
all_reduce_perf,3,034,2147483648,356.02
all_reduce_perf,3,035,2147483648,354.96
all_reduce_perf,3,036,2147483648,355.93
all_reduce_perf,3,037,2147483648,356.26
all_reduce_perf,3,045,2147483648,354.80
all_reduce_perf,3,046,2147483648,355.23
all_reduce_perf,3,047,2147483648,355.74
all_reduce_perf,3,056,2147483648,356.04
all_reduce_perf,3,057,2147483648,355.72
all_reduce_perf,3,067,2147483648,354.96
all_reduce_perf,3,123,2147483648,356.04
all_reduce_perf,3,124,2147483648,356.02
all_reduce_perf,3,125,2147483648,355.32
all_reduce_perf,3,126,2147483648,355.53
all_reduce_perf,3,127,2147483648,355.42
all_reduce_perf,3,134,2147483648,355.02
all_reduce_perf,3,135,2147483648,356.03
all_reduce_perf,3,136,2147483648,355.42
all_reduce_perf,3,137,2147483648,356.25
all_reduce_perf,3,145,2147483648,355.27
all_reduce_perf,3,146,2147483648,355.22
all_reduce_perf,3,147,2147483648,356.25
all_reduce_perf,3,156,2147483648,356.50
all_reduce_perf,3,157,2147483648,355.92
all_reduce_perf,3,167,2147483648,355.39
all_reduce_perf,3,234,2147483648,355.20
all_reduce_perf,3,235,2147483648,355.98
all_reduce_perf,3,236,2147483648,355.44
all_reduce_perf,3,237,2147483648,356.50
all_reduce_perf,3,245,2147483648,356.12
all_reduce_perf,3,246,2147483648,356.12
all_reduce_perf,3,247,2147483648,355.40
all_reduce_perf,3,256,2147483648,356.45
all_reduce_perf,3,257,2147483648,355.13
all_reduce_perf,3,267,2147483648,356.00
all_reduce_perf,3,345,2147483648,354.95
all_reduce_perf,3,346,2147483648,355.17
all_reduce_perf,3,347,2147483648,355.72
all_reduce_perf,3,356,2147483648,356.10
all_reduce_perf,3,357,2147483648,355.99
all_reduce_perf,3,367,2147483648,355.27
all_reduce_perf,3,456,2147483648,354.96
all_reduce_perf,3,457,2147483648,354.84
all_reduce_perf,3,467,2147483648,355.14
all_reduce_perf,3,567,2147483648,356.26
all_reduce_perf,4,0123,2147483648,361.64
all_reduce_perf,4,0124,2147483648,361.41
all_reduce_perf,4,0125,2147483648,361.68
all_reduce_perf,4,0126,2147483648,361.38
all_reduce_perf,4,0127,2147483648,361.52
all_reduce_perf,4,0134,2147483648,360.39
all_reduce_perf,4,0135,2147483648,361.46
all_reduce_perf,4,0136,2147483648,361.46
all_reduce_perf,4,0137,2147483648,361.57
all_reduce_perf,4,0145,2147483648,361.48
all_reduce_perf,4,0146,2147483648,361.40
all_reduce_perf,4,0147,2147483648,360.20
all_reduce_perf,4,0156,2147483648,360.59
all_reduce_perf,4,0157,2147483648,361.58
all_reduce_perf,4,0167,2147483648,360.26
all_reduce_perf,4,0234,2147483648,360.30
all_reduce_perf,4,0235,2147483648,360.41
all_reduce_perf,4,0236,2147483648,360.95
all_reduce_perf,4,0237,2147483648,360.44
all_reduce_perf,4,0245,2147483648,361.26
all_reduce_perf,4,0246,2147483648,361.03
all_reduce_perf,4,0247,2147483648,359.50
all_reduce_perf,4,0256,2147483648,360.76
all_reduce_perf,4,0257,2147483648,360.63
all_reduce_perf,4,0267,2147483648,360.59
all_reduce_perf,4,0345,2147483648,359.81
all_reduce_perf,4,0346,2147483648,360.31
all_reduce_perf,4,0347,2147483648,361.37
all_reduce_perf,4,0356,2147483648,360.40
all_reduce_perf,4,0357,2147483648,361.62
all_reduce_perf,4,0367,2147483648,359.47
all_reduce_perf,4,0456,2147483648,360.92
all_reduce_perf,4,0457,2147483648,361.41
all_reduce_perf,4,0467,2147483648,360.86
all_reduce_perf,4,0567,2147483648,360.12
all_reduce_perf,4,1234,2147483648,360.38
all_reduce_perf,4,1235,2147483648,360.45
all_reduce_perf,4,1236,2147483648,361.57
all_reduce_perf,4,1237,2147483648,360.20
all_reduce_perf,4,1245,2147483648,360.16
all_reduce_perf,4,1246,2147483648,361.48
all_reduce_perf,4,1247,2147483648,360.30
all_reduce_perf,4,1256,2147483648,358.90
all_reduce_perf,4,1257,2147483648,361.73
all_reduce_perf,4,1267,2147483648,361.18
all_reduce_perf,4,1345,2147483648,360.69
all_reduce_perf,4,1346,2147483648,360.59
all_reduce_perf,4,1347,2147483648,360.12
all_reduce_perf,4,1356,2147483648,361.50
all_reduce_perf,4,1357,2147483648,360.78
all_reduce_perf,4,1367,2147483648,360.85
all_reduce_perf,4,1456,2147483648,360.59
all_reduce_perf,4,1457,2147483648,360.19
all_reduce_perf,4,1467,2147483648,360.89
all_reduce_perf,4,1567,2147483648,359.80
all_reduce_perf,4,2345,2147483648,361.54
all_reduce_perf,4,2346,2147483648,361.17
all_reduce_perf,4,2347,2147483648,361.67
all_reduce_perf,4,2356,2147483648,361.52
all_reduce_perf,4,2357,2147483648,360.51
all_reduce_perf,4,2367,2147483648,360.61
all_reduce_perf,4,2456,2147483648,361.69
all_reduce_perf,4,2457,2147483648,359.95
all_reduce_perf,4,2467,2147483648,360.46
all_reduce_perf,4,2567,2147483648,360.15
all_reduce_perf,4,3456,2147483648,361.61
all_reduce_perf,4,3457,2147483648,361.06
all_reduce_perf,4,3467,2147483648,361.75
all_reduce_perf,4,3567,2147483648,360.99
all_reduce_perf,4,4567,2147483648,360.65
all_reduce_perf,5,01234,2147483648,410.29
all_reduce_perf,5,01235,2147483648,411.39
all_reduce_perf,5,01236,2147483648,410.63
all_reduce_perf,5,01237,2147483648,412.44
all_reduce_perf,5,01245,2147483648,410.63
all_reduce_perf,5,01246,2147483648,407.23
all_reduce_perf,5,01247,2147483648,407.73
all_reduce_perf,5,01256,2147483648,407.91
all_reduce_perf,5,01257,2147483648,406.06
all_reduce_perf,5,01267,2147483648,407.30
all_reduce_perf,5,01345,2147483648,410.20
all_reduce_perf,5,01346,2147483648,408.37
all_reduce_perf,5,01347,2147483648,407.10
all_reduce_perf,5,01356,2147483648,406.78
all_reduce_perf,5,01357,2147483648,407.85
all_reduce_perf,5,01367,2147483648,407.24
all_reduce_perf,5,01456,2147483648,409.06
all_reduce_perf,5,01457,2147483648,407.49
all_reduce_perf,5,01467,2147483648,406.42
all_reduce_perf,5,01567,2147483648,407.09
all_reduce_perf,5,02345,2147483648,410.41
all_reduce_perf,5,02346,2147483648,410.31
all_reduce_perf,5,02347,2147483648,410.05
all_reduce_perf,5,02356,2147483648,409.28
all_reduce_perf,5,02357,2147483648,411.69
all_reduce_perf,5,02367,2147483648,408.68
all_reduce_perf,5,02456,2147483648,408.11
all_reduce_perf,5,02457,2147483648,411.11
all_reduce_perf,5,02467,2147483648,409.81
all_reduce_perf,5,02567,2147483648,409.20
all_reduce_perf,5,03456,2147483648,408.98
all_reduce_perf,5,03457,2147483648,411.05
all_reduce_perf,5,03467,2147483648,407.68
all_reduce_perf,5,03567,2147483648,407.32
all_reduce_perf,5,04567,2147483648,408.39
all_reduce_perf,5,12345,2147483648,411.01
all_reduce_perf,5,12346,2147483648,410.67
all_reduce_perf,5,12347,2147483648,411.34
all_reduce_perf,5,12356,2147483648,409.28
all_reduce_perf,5,12357,2147483648,408.69
all_reduce_perf,5,12367,2147483648,411.50
all_reduce_perf,5,12456,2147483648,410.57
all_reduce_perf,5,12457,2147483648,410.33
all_reduce_perf,5,12467,2147483648,411.62
all_reduce_perf,5,12567,2147483648,409.83
all_reduce_perf,5,13456,2147483648,405.16
all_reduce_perf,5,13457,2147483648,411.25
all_reduce_perf,5,13467,2147483648,406.87
all_reduce_perf,5,13567,2147483648,407.54
all_reduce_perf,5,14567,2147483648,405.87
all_reduce_perf,5,23456,2147483648,411.22
all_reduce_perf,5,23457,2147483648,410.54
all_reduce_perf,5,23467,2147483648,410.93
all_reduce_perf,5,23567,2147483648,410.72
all_reduce_perf,5,24567,2147483648,412.55
all_reduce_perf,5,34567,2147483648,412.49
all_reduce_perf,6,012345,2147483648,433.42
all_reduce_perf,6,012346,2147483648,431.25
all_reduce_perf,6,012347,2147483648,432.39
all_reduce_perf,6,012356,2147483648,430.20
all_reduce_perf,6,012357,2147483648,432.39
all_reduce_perf,6,012367,2147483648,432.78
all_reduce_perf,6,012456,2147483648,431.72
all_reduce_perf,6,012457,2147483648,431.23
all_reduce_perf,6,012467,2147483648,431.58
all_reduce_perf,6,012567,2147483648,430.51
all_reduce_perf,6,013456,2147483648,431.33
all_reduce_perf,6,013457,2147483648,431.26
all_reduce_perf,6,013467,2147483648,431.40
all_reduce_perf,6,013567,2147483648,431.40
all_reduce_perf,6,014567,2147483648,431.43
all_reduce_perf,6,023456,2147483648,432.34
all_reduce_perf,6,023457,2147483648,431.24
all_reduce_perf,6,023467,2147483648,430.79
all_reduce_perf,6,023567,2147483648,432.06
all_reduce_perf,6,024567,2147483648,431.72
all_reduce_perf,6,034567,2147483648,432.42
all_reduce_perf,6,123456,2147483648,433.14
all_reduce_perf,6,123457,2147483648,431.47
all_reduce_perf,6,123467,2147483648,431.06
all_reduce_perf,6,123567,2147483648,431.66
all_reduce_perf,6,124567,2147483648,431.55
all_reduce_perf,6,134567,2147483648,432.91
all_reduce_perf,6,234567,2147483648,432.31
all_reduce_perf,7,0123456,2147483648,458.37
all_reduce_perf,7,0123457,2147483648,460.21
all_reduce_perf,7,0123467,2147483648,460.43
all_reduce_perf,7,0123567,2147483648,460.78
all_reduce_perf,7,0124567,2147483648,461.01
all_reduce_perf,7,0134567,2147483648,460.53
all_reduce_perf,7,0234567,2147483648,460.75
all_reduce_perf,7,1234567,2147483648,460.66
all_reduce_perf,8,01234567,2147483648,473.50