OP,GPU_num,GPU_used,data_size(B),Bandwidth(GB/s)
all_reduce_perf,1,0,2147483648,0.00
all_reduce_perf,1,1,2147483648,0.00
all_reduce_perf,1,2,2147483648,0.00
all_reduce_perf,1,3,2147483648,0.00
all_reduce_perf,1,4,2147483648,0.00
all_reduce_perf,1,5,2147483648,0.00
all_reduce_perf,1,6,2147483648,0.00
all_reduce_perf,1,7,2147483648,0.00
all_reduce_perf,2,01,2147483648,341.52
all_reduce_perf,2,02,2147483648,340.50
all_reduce_perf,2,03,2147483648,341.60
all_reduce_perf,2,04,2147483648,339.38
all_reduce_perf,2,05,2147483648,338.49
all_reduce_perf,2,06,2147483648,340.24
all_reduce_perf,2,07,2147483648,339.90
all_reduce_perf,2,12,2147483648,338.53
all_reduce_perf,2,13,2147483648,339.38
all_reduce_perf,2,14,2147483648,339.00
all_reduce_perf,2,15,2147483648,342.16
all_reduce_perf,2,16,2147483648,341.31
all_reduce_perf,2,17,2147483648,338.57
all_reduce_perf,2,23,2147483648,340.30
all_reduce_perf,2,24,2147483648,340.20
all_reduce_perf,2,25,2147483648,340.88
all_reduce_perf,2,26,2147483648,339.52
all_reduce_perf,2,27,2147483648,341.12
all_reduce_perf,2,34,2147483648,339.20
all_reduce_perf,2,35,2147483648,339.95
all_reduce_perf,2,36,2147483648,340.07
all_reduce_perf,2,37,2147483648,341.39
all_reduce_perf,2,45,2147483648,341.06
all_reduce_perf,2,46,2147483648,341.69
all_reduce_perf,2,47,2147483648,339.99
all_reduce_perf,2,56,2147483648,340.84
all_reduce_perf,2,57,2147483648,339.71
all_reduce_perf,2,67,2147483648,341.38
all_reduce_perf,3,012,2147483648,356.19
all_reduce_perf,3,013,2147483648,355.95
all_reduce_perf,3,014,2147483648,356.10
all_reduce_perf,3,015,2147483648,356.73
all_reduce_perf,3,016,2147483648,355.97
all_reduce_perf,3,017,2147483648,355.97
all_reduce_perf,3,023,2147483648,356.13
all_reduce_perf,3,024,2147483648,355.15
all_reduce_perf,3,025,2147483648,356.37
all_reduce_perf,3,026,2147483648,356.25
all_reduce_perf,3,027,2147483648,355.37
all_reduce_perf,3,034,2147483648,355.44
all_reduce_perf,3,035,2147483648,356.15
all_reduce_perf,3,036,2147483648,356.12
all_reduce_perf,3,037,2147483648,355.42
all_reduce_perf,3,045,2147483648,356.16
all_reduce_perf,3,046,2147483648,355.46
all_reduce_perf,3,047,2147483648,355.31
all_reduce_perf,3,056,2147483648,356.22
all_reduce_perf,3,057,2147483648,355.59
all_reduce_perf,3,067,2147483648,355.03
all_reduce_perf,3,123,2147483648,355.37
all_reduce_perf,3,124,2147483648,355.60
all_reduce_perf,3,125,2147483648,356.10
all_reduce_perf,3,126,2147483648,355.61
all_reduce_perf,3,127,2147483648,355.22
all_reduce_perf,3,134,2147483648,356.33
all_reduce_perf,3,135,2147483648,355.99
all_reduce_perf,3,136,2147483648,356.38
all_reduce_perf,3,137,2147483648,355.90
all_reduce_perf,3,145,2147483648,354.74
all_reduce_perf,3,146,2147483648,355.56
all_reduce_perf,3,147,2147483648,354.99
all_reduce_perf,3,156,2147483648,356.19
all_reduce_perf,3,157,2147483648,355.23
all_reduce_perf,3,167,2147483648,355.05
all_reduce_perf,3,234,2147483648,356.22
all_reduce_perf,3,235,2147483648,356.20
all_reduce_perf,3,236,2147483648,356.18
all_reduce_perf,3,237,2147483648,356.08
all_reduce_perf,3,245,2147483648,355.11
all_reduce_perf,3,246,2147483648,355.47
all_reduce_perf,3,247,2147483648,355.67
all_reduce_perf,3,256,2147483648,356.21
all_reduce_perf,3,257,2147483648,354.64
all_reduce_perf,3,267,2147483648,355.37
all_reduce_perf,3,345,2147483648,356.13
all_reduce_perf,3,346,2147483648,354.93
all_reduce_perf,3,347,2147483648,355.72
all_reduce_perf,3,356,2147483648,355.22
all_reduce_perf,3,357,2147483648,355.64
all_reduce_perf,3,367,2147483648,356.27
all_reduce_perf,3,456,2147483648,356.07
all_reduce_perf,3,457,2147483648,355.12
all_reduce_perf,3,467,2147483648,356.26
all_reduce_perf,3,567,2147483648,355.78
all_reduce_perf,4,0123,2147483648,360.23
all_reduce_perf,4,0124,2147483648,360.75
all_reduce_perf,4,0125,2147483648,361.59
all_reduce_perf,4,0126,2147483648,360.69
all_reduce_perf,4,0127,2147483648,361.85
all_reduce_perf,4,0134,2147483648,359.92
all_reduce_perf,4,0135,2147483648,360.63
all_reduce_perf,4,0136,2147483648,359.75
all_reduce_perf,4,0137,2147483648,360.35
all_reduce_perf,4,0145,2147483648,358.66
all_reduce_perf,4,0146,2147483648,360.82
all_reduce_perf,4,0147,2147483648,361.70
all_reduce_perf,4,0156,2147483648,357.93
all_reduce_perf,4,0157,2147483648,360.85
all_reduce_perf,4,0167,2147483648,359.78
all_reduce_perf,4,0234,2147483648,361.87
all_reduce_perf,4,0235,2147483648,361.46
all_reduce_perf,4,0236,2147483648,360.56
all_reduce_perf,4,0237,2147483648,362.23
all_reduce_perf,4,0245,2147483648,359.90
all_reduce_perf,4,0246,2147483648,360.49
all_reduce_perf,4,0247,2147483648,357.65
all_reduce_perf,4,0256,2147483648,361.53
all_reduce_perf,4,0257,2147483648,361.83
all_reduce_perf,4,0267,2147483648,361.07
all_reduce_perf,4,0345,2147483648,359.92
all_reduce_perf,4,0346,2147483648,359.02
all_reduce_perf,4,0347,2147483648,362.12
all_reduce_perf,4,0356,2147483648,361.63
all_reduce_perf,4,0357,2147483648,361.00
all_reduce_perf,4,0367,2147483648,360.26
all_reduce_perf,4,0456,2147483648,360.56
all_reduce_perf,4,0457,2147483648,361.75
all_reduce_perf,4,0467,2147483648,361.57
all_reduce_perf,4,0567,2147483648,361.73
all_reduce_perf,4,1234,2147483648,361.27
all_reduce_perf,4,1235,2147483648,361.83
all_reduce_perf,4,1236,2147483648,361.72
all_reduce_perf,4,1237,2147483648,362.01
all_reduce_perf,4,1245,2147483648,360.01
all_reduce_perf,4,1246,2147483648,361.15
all_reduce_perf,4,1247,2147483648,359.97
all_reduce_perf,4,1256,2147483648,360.97
all_reduce_perf,4,1257,2147483648,361.51
all_reduce_perf,4,1267,2147483648,360.06
all_reduce_perf,4,1345,2147483648,359.39
all_reduce_perf,4,1346,2147483648,361.31
all_reduce_perf,4,1347,2147483648,360.31
all_reduce_perf,4,1356,2147483648,360.39
all_reduce_perf,4,1357,2147483648,361.00
all_reduce_perf,4,1367,2147483648,361.81
all_reduce_perf,4,1456,2147483648,360.39
all_reduce_perf,4,1457,2147483648,360.60
all_reduce_perf,4,1467,2147483648,360.21
all_reduce_perf,4,1567,2147483648,361.74
all_reduce_perf,4,2345,2147483648,360.61
all_reduce_perf,4,2346,2147483648,360.75
all_reduce_perf,4,2347,2147483648,360.46
all_reduce_perf,4,2356,2147483648,360.68
all_reduce_perf,4,2357,2147483648,361.65
all_reduce_perf,4,2367,2147483648,360.89
all_reduce_perf,4,2456,2147483648,360.37
all_reduce_perf,4,2457,2147483648,360.20
all_reduce_perf,4,2467,2147483648,362.06
all_reduce_perf,4,2567,2147483648,360.37
all_reduce_perf,4,3456,2147483648,361.73
all_reduce_perf,4,3457,2147483648,362.03
all_reduce_perf,4,3467,2147483648,360.74
all_reduce_perf,4,3567,2147483648,360.46
all_reduce_perf,4,4567,2147483648,360.52
all_reduce_perf,5,01234,2147483648,410.22
all_reduce_perf,5,01235,2147483648,412.25
all_reduce_perf,5,01236,2147483648,410.19
all_reduce_perf,5,01237,2147483648,411.87
all_reduce_perf,5,01245,2147483648,411.39
all_reduce_perf,5,01246,2147483648,406.58
all_reduce_perf,5,01247,2147483648,406.92
all_reduce_perf,5,01256,2147483648,407.58
all_reduce_perf,5,01257,2147483648,405.98
all_reduce_perf,5,01267,2147483648,406.89
all_reduce_perf,5,01345,2147483648,410.13
all_reduce_perf,5,01346,2147483648,407.91
all_reduce_perf,5,01347,2147483648,406.84
all_reduce_perf,5,01356,2147483648,406.63
all_reduce_perf,5,01357,2147483648,408.34
all_reduce_perf,5,01367,2147483648,407.19
all_reduce_perf,5,01456,2147483648,409.11
all_reduce_perf,5,01457,2147483648,409.40
all_reduce_perf,5,01467,2147483648,406.57
all_reduce_perf,5,01567,2147483648,408.04
all_reduce_perf,5,02345,2147483648,410.55
all_reduce_perf,5,02346,2147483648,409.91
all_reduce_perf,5,02347,2147483648,411.64
all_reduce_perf,5,02356,2147483648,408.95
all_reduce_perf,5,02357,2147483648,412.31
all_reduce_perf,5,02367,2147483648,409.69
all_reduce_perf,5,02456,2147483648,409.42
all_reduce_perf,5,02457,2147483648,411.27
all_reduce_perf,5,02467,2147483648,410.47
all_reduce_perf,5,02567,2147483648,411.10
all_reduce_perf,5,03456,2147483648,409.97
all_reduce_perf,5,03457,2147483648,411.13
all_reduce_perf,5,03467,2147483648,407.68
all_reduce_perf,5,03567,2147483648,408.20
all_reduce_perf,5,04567,2147483648,408.10
all_reduce_perf,5,12345,2147483648,411.09
all_reduce_perf,5,12346,2147483648,411.01
all_reduce_perf,5,12347,2147483648,411.41
all_reduce_perf,5,12356,2147483648,409.79
all_reduce_perf,5,12357,2147483648,408.53
all_reduce_perf,5,12367,2147483648,411.51
all_reduce_perf,5,12456,2147483648,410.76
all_reduce_perf,5,12457,2147483648,410.80
all_reduce_perf,5,12467,2147483648,411.93
all_reduce_perf,5,12567,2147483648,409.76
all_reduce_perf,5,13456,2147483648,405.57
all_reduce_perf,5,13457,2147483648,410.79
all_reduce_perf,5,13467,2147483648,407.03
all_reduce_perf,5,13567,2147483648,407.00
all_reduce_perf,5,14567,2147483648,405.40
all_reduce_perf,5,23456,2147483648,411.86
all_reduce_perf,5,23457,2147483648,411.40
all_reduce_perf,5,23467,2147483648,409.82
all_reduce_perf,5,23567,2147483648,409.30
all_reduce_perf,5,24567,2147483648,411.52
all_reduce_perf,5,34567,2147483648,411.75
all_reduce_perf,6,012345,2147483648,432.74
all_reduce_perf,6,012346,2147483648,432.03
all_reduce_perf,6,012347,2147483648,432.07
all_reduce_perf,6,012356,2147483648,430.66
all_reduce_perf,6,012357,2147483648,432.27
all_reduce_perf,6,012367,2147483648,431.95
all_reduce_perf,6,012456,2147483648,432.29
all_reduce_perf,6,012457,2147483648,431.84
all_reduce_perf,6,012467,2147483648,431.13
all_reduce_perf,6,012567,2147483648,431.44
all_reduce_perf,6,013456,2147483648,431.93
all_reduce_perf,6,013457,2147483648,431.99
all_reduce_perf,6,013467,2147483648,431.34
all_reduce_perf,6,013567,2147483648,430.84
all_reduce_perf,6,014567,2147483648,431.60
all_reduce_perf,6,023456,2147483648,431.04
all_reduce_perf,6,023457,2147483648,430.73
all_reduce_perf,6,023467,2147483648,431.46
all_reduce_perf,6,023567,2147483648,432.40
all_reduce_perf,6,024567,2147483648,432.01
all_reduce_perf,6,034567,2147483648,432.30
all_reduce_perf,6,123456,2147483648,432.63
all_reduce_perf,6,123457,2147483648,431.26
all_reduce_perf,6,123467,2147483648,431.49
all_reduce_perf,6,123567,2147483648,431.83
all_reduce_perf,6,124567,2147483648,431.67
all_reduce_perf,6,134567,2147483648,432.41
all_reduce_perf,6,234567,2147483648,432.11
all_reduce_perf,7,0123456,2147483648,458.48
all_reduce_perf,7,0123457,2147483648,460.11
all_reduce_perf,7,0123467,2147483648,460.18
all_reduce_perf,7,0123567,2147483648,460.54
all_reduce_perf,7,0124567,2147483648,461.29
all_reduce_perf,7,0134567,2147483648,461.00
all_reduce_perf,7,0234567,2147483648,460.96
all_reduce_perf,7,1234567,2147483648,460.58
all_reduce_perf,8,01234567,2147483648,473.24