OP,Total_GPU_Count,GPU_Mapping_Across_Nodes,data_size(B),Bandwidth(GB/s)

all_reduce_perf,2,[[0],[0],[],[]],2147483648,46.65
all_reduce_perf,2,[[0,1],[],[],[]],2147483648,343.37
all_reduce_perf,2,[[0],[0],[],[]],2147483648,46.88
all_reduce_perf,3,[[0],[0],[0],[]],2147483648,47.60
all_reduce_perf,3,[[0,1],[0],[],[]],2147483648,46.43
all_reduce_perf,3,[[0,1,2],[],[],[]],2147483648,356.14
all_reduce_perf,4,[[0,1,2,3],[],[],[]],2147483648,361.85
all_reduce_perf,4,[[0,1],[0],[0],[]],2147483648,47.49
all_reduce_perf,4,[[0,1,2],[0],[],[]],2147483648,66.59
all_reduce_perf,4,[[0],[0],[0],[0]],2147483648,48.34
all_reduce_perf,4,[[0,1],[0,1],[],[]],2147483648,135.73
all_reduce_perf,5,[[0,1,2],[0,1],[],[]],2147483648,139.06
all_reduce_perf,5,[[0,1,2],[0],[0],[]],2147483648,47.84
all_reduce_perf,5,[[0,1],[0],[0],[0]],2147483648,47.61
all_reduce_perf,5,[[0,1,2,3],[0],[],[]],2147483648,71.04
all_reduce_perf,5,[[0,1],[0,1],[0],[]],2147483648,48.48
all_reduce_perf,5,[[0,1,2,3,4],[],[],[]],2147483648,410.42
all_reduce_perf,6,[[0,1],[0,1],[0],[0]],2147483648,48.43
all_reduce_perf,6,[[0,1,2],[0,1,2],[],[]],2147483648,242.36
all_reduce_perf,6,[[0,1,2,3,4,5],[],[],[]],2147483648,432.48
all_reduce_perf,6,[[0,1,2],[0],[0],[0]],2147483648,47.85
all_reduce_perf,6,[[0,1,2,3],[0,1],[],[]],2147483648,146.66
all_reduce_perf,6,[[0,1],[0,1],[0,1],[]],2147483648,98.13
all_reduce_perf,6,[[0,1,2,3,4],[0],[],[]],2147483648,74.05
all_reduce_perf,6,[[0,1,2],[0,1],[0],[]],2147483648,48.57
all_reduce_perf,6,[[0,1,2,3],[0],[0],[]],2147483648,48.21
all_reduce_perf,7,[[0,1,2,3,4,5,6],[],[],[]],2147483648,459.01
all_reduce_perf,7,[[0,1,2,3],[0,1,2],[],[]],2147483648,249.41
all_reduce_perf,7,[[0,1,2],[0,1],[0,1],[]],2147483648,82.18
all_reduce_perf,7,[[0,1,2,3],[0],[0],[0]],2147483648,48.31
all_reduce_perf,7,[[0,1,2],[0,1,2],[0],[]],2147483648,48.66
all_reduce_perf,7,[[0,1,2],[0,1],[0],[0]],2147483648,48.67
all_reduce_perf,7,[[0,1,2,3,4],[0,1],[],[]],2147483648,150.61
all_reduce_perf,7,[[0,1,2,3,4,5],[0],[],[]],2147483648,76.03
all_reduce_perf,7,[[0,1],[0,1],[0,1],[0]],2147483648,48.61
all_reduce_perf,7,[[0,1,2,3,4],[0],[0],[]],2147483648,48.38
all_reduce_perf,7,[[0,1,2,3],[0,1],[0],[]],2147483648,48.78
all_reduce_perf,8,[[0,1,2,3],[0,1],[0,1],[]],2147483648,92.32
all_reduce_perf,8,[[0,1,2],[0,1],[0,1],[0]],2147483648,48.77
all_reduce_perf,8,[[0,1,2,3,4,5],[0,1],[],[]],2147483648,153.44
all_reduce_perf,8,[[0,1,2,3,4,5,6],[0],[],[]],2147483648,77.83
all_reduce_perf,8,[[0,1,2,3,4,5,6,7],[],[],[]],2147483648,473.40
all_reduce_perf,8,[[0,1,2],[0,1,2],[0,1],[]],2147483648,85.15
all_reduce_perf,8,[[0,1,2,3,4,5],[0],[0],[]],2147483648,48.13
all_reduce_perf,8,[[0,1,2,3,4],[0],[0],[0]],2147483648,48.46
all_reduce_perf,8,[[0,1],[0,1],[0,1],[0,1]],2147483648,98.07
all_reduce_perf,8,[[0,1,2,3],[0,1],[0],[0]],2147483648,48.91
all_reduce_perf,8,[[0,1,2],[0,1,2],[0],[0]],2147483648,48.74
all_reduce_perf,8,[[0,1,2,3],[0,1,2,3],[],[]],2147483648,337.17
all_reduce_perf,8,[[0,1,2,3,4],[0,1],[0],[]],2147483648,48.74
all_reduce_perf,8,[[0,1,2,3],[0,1,2],[0],[]],2147483648,48.74
all_reduce_perf,8,[[0,1,2,3,4],[0,1,2],[],[]],2147483648,254.70
all_reduce_perf,9,[[0,1,2,3],[0,1,2],[0,1],[]],2147483648,82.12
all_reduce_perf,9,[[0,1,2],[0,1,2],[0,1],[0]],2147483648,48.60
all_reduce_perf,9,[[0,1,2,3,4,5,6],[0],[0],[]],2147483648,48.33
all_reduce_perf,9,[[0,1,2,3,4,5],[0],[0],[0]],2147483648,48.42
all_reduce_perf,9,[[0,1,2,3],[0,1,2,3],[0],[]],2147483648,48.89
all_reduce_perf,9,[[0,1,2],[0,1,2],[0,1,2],[]],2147483648,130.74
all_reduce_perf,9,[[0,1,2,3,4],[0,1,2],[0],[]],2147483648,48.87
all_reduce_perf,9,[[0,1,2,3],[0,1,2],[0],[0]],2147483648,48.82
all_reduce_perf,9,[[0,1,2,3,4,5],[0,1],[0],[]],2147483648,48.74
all_reduce_perf,9,[[0,1,2],[0,1],[0,1],[0,1]],2147483648,83.49
all_reduce_perf,9,[[0,1,2,3,4],[0,1],[0,1],[]],2147483648,91.67
all_reduce_perf,9,[[0,1,2,3],[0,1],[0,1],[0]],2147483648,48.87
all_reduce_perf,9,[[0,1,2,3,4,5,6,7],[0],[],[]],2147483648,78.75
all_reduce_perf,9,[[0,1,2,3,4,5],[0,1,2],[],[]],2147483648,258.65
all_reduce_perf,9,[[0,1,2,3,4],[0,1],[0],[0]],2147483648,48.90
all_reduce_perf,9,[[0,1,2,3,4,5,6],[0,1],[],[]],2147483648,155.82
all_reduce_perf,9,[[0,1,2,3,4],[0,1,2,3],[],[]],2147483648,342.10
all_reduce_perf,10,[[0,1,2,3,4,5],[0,1,2,3],[],[]],2147483648,346.37
all_reduce_perf,10,[[0,1,2,3,4],[0,1,2],[0],[0]],2147483648,48.92
all_reduce_perf,10,[[0,1,2,3],[0,1,2],[0,1],[0]],2147483648,48.82
all_reduce_perf,10,[[0,1,2,3],[0,1,2,3],[0,1],[]],2147483648,93.65
all_reduce_perf,10,[[0,1,2,3,4,5],[0,1],[0,1],[]],2147483648,90.85
all_reduce_perf,10,[[0,1,2,3,4],[0,1,2,3],[0],[]],2147483648,48.86
all_reduce_perf,10,[[0,1,2,3,4],[0,1,2],[0,1],[]],2147483648,82.51
all_reduce_perf,10,[[0,1,2,3],[0,1,2],[0,1,2],[]],2147483648,114.16
all_reduce_perf,10,[[0,1,2,3,4,5,6],[0,1,2],[],[]],2147483648,261.71
all_reduce_perf,10,[[0,1,2,3,4,5,6,7],[0],[0],[]],2147483648,48.30
all_reduce_perf,10,[[0,1,2,3],[0,1],[0,1],[0,1]],2147483648,91.02
all_reduce_perf,10,[[0,1,2,3,4,5,6],[0],[0],[0]],2147483648,48.53
all_reduce_perf,10,[[0,1,2,3,4,5],[0,1,2],[0],[]],2147483648,48.64
all_reduce_perf,10,[[0,1,2,3,4,5,6,7],[0,1],[],[]],2147483648,157.30
all_reduce_perf,10,[[0,1,2],[0,1,2],[0,1,2],[0]],2147483648,48.75
all_reduce_perf,10,[[0,1,2],[0,1,2],[0,1],[0,1]],2147483648,85.15
all_reduce_perf,10,[[0,1,2,3,4],[0,1,2,3,4],[],[]],2147483648,412.49
all_reduce_perf,10,[[0,1,2,3,4,5],[0,1],[0],[0]],2147483648,49.04
all_reduce_perf,10,[[0,1,2,3],[0,1,2,3],[0],[0]],2147483648,48.89
all_reduce_perf,10,[[0,1,2,3,4],[0,1],[0,1],[0]],2147483648,49.05
all_reduce_perf,10,[[0,1,2,3,4,5,6],[0,1],[0],[]],2147483648,48.83
all_reduce_perf,11,[[0,1,2,3,4],[0,1,2,3],[0,1],[]],2147483648,93.02
all_reduce_perf,11,[[0,1,2,3,4,5],[0,1,2,3],[0],[]],2147483648,48.68
all_reduce_perf,11,[[0,1,2,3,4,5],[0,1,2],[0,1],[]],2147483648,82.56
all_reduce_perf,11,[[0,1,2,3,4,5],[0,1],[0,1],[0]],2147483648,48.73
all_reduce_perf,11,[[0,1,2,3,4,5,6],[0,1,2],[0],[]],2147483648,48.77
all_reduce_perf,11,[[0,1,2,3],[0,1,2,3],[0,1,2],[]],2147483648,115.19
all_reduce_perf,11,[[0,1,2,3,4],[0,1,2],[0,1],[0]],2147483648,48.79
all_reduce_perf,11,[[0,1,2,3,4],[0,1,2,3,4],[0],[]],2147483648,48.91
all_reduce_perf,11,[[0,1,2,3,4,5,6,7],[0,1],[0],[]],2147483648,48.48
all_reduce_perf,11,[[0,1,2,3,4],[0,1],[0,1],[0,1]],2147483648,91.06
all_reduce_perf,11,[[0,1,2,3,4],[0,1,2],[0,1,2],[]],2147483648,112.28
all_reduce_perf,11,[[0,1,2,3,4,5,6,7],[0,1,2],[],[]],2147483648,226.37
all_reduce_perf,11,[[0,1,2,3,4,5,6],[0,1],[0],[0]],2147483648,48.59
all_reduce_perf,11,[[0,1,2,3,4,5],[0,1,2,3,4],[],[]],2147483648,415.45
all_reduce_perf,11,[[0,1,2,3,4,5,6],[0,1,2,3],[],[]],2147483648,349.81
all_reduce_perf,11,[[0,1,2,3,4,5,6],[0,1],[0,1],[]],2147483648,91.08
all_reduce_perf,11,[[0,1,2,3,4,5,6,7],[0],[0],[0]],2147483648,48.18
all_reduce_perf,11,[[0,1,2,3],[0,1,2],[0,1],[0,1]],2147483648,83.15
all_reduce_perf,11,[[0,1,2,3,4],[0,1,2,3],[0],[0]],2147483648,48.83
all_reduce_perf,11,[[0,1,2,3,4,5],[0,1,2],[0],[0]],2147483648,48.96
all_reduce_perf,11,[[0,1,2],[0,1,2],[0,1,2],[0,1]],2147483648,85.95
all_reduce_perf,11,[[0,1,2,3],[0,1,2,3],[0,1],[0]],2147483648,48.88
all_reduce_perf,11,[[0,1,2,3],[0,1,2],[0,1,2],[0]],2147483648,48.88
all_reduce_perf,12,[[0,1,2,3,4],[0,1,2,3],[0,1,2],[]],2147483648,89.05
all_reduce_perf,12,[[0,1,2],[0,1,2],[0,1,2],[0,1,2]],2147483648,131.22
all_reduce_perf,12,[[0,1,2,3,4,5],[0,1],[0,1],[0,1]],2147483648,90.87
all_reduce_perf,12,[[0,1,2,3],[0,1,2,3],[0,1,2],[0]],2147483648,48.73
all_reduce_perf,12,[[0,1,2,3],[0,1,2,3],[0,1],[0,1]],2147483648,90.68
all_reduce_perf,12,[[0,1,2,3,4,5,6,7],[0,1,2],[0],[]],2147483648,48.47
all_reduce_perf,12,[[0,1,2,3,4,5,6],[0,1,2],[0],[0]],2147483648,48.95
all_reduce_perf,12,[[0,1,2,3,4,5,6],[0,1,2,3],[0],[]],2147483648,48.81
all_reduce_perf,12,[[0,1,2,3],[0,1,2],[0,1,2],[0,1]],2147483648,85.10
all_reduce_perf,12,[[0,1,2,3,4,5,6],[0,1,2],[0,1],[]],2147483648,82.65
all_reduce_perf,12,[[0,1,2,3,4,5,6],[0,1],[0,1],[0]],2147483648,48.71
all_reduce_perf,12,[[0,1,2,3,4,5],[0,1,2],[0,1],[0]],2147483648,48.55
all_reduce_perf,12,[[0,1,2,3,4],[0,1,2,3,4],[0],[0]],2147483648,48.81
all_reduce_perf,12,[[0,1,2,3,4,5,6,7],[0,1],[0],[0]],2147483648,48.76
all_reduce_perf,12,[[0,1,2,3,4,5],[0,1,2,3],[0],[0]],2147483648,48.97
all_reduce_perf,12,[[0,1,2,3,4,5,6,7],[0,1,2,3],[],[]],2147483648,298.68
all_reduce_perf,12,[[0,1,2,3,4],[0,1,2,3,4],[0,1],[]],2147483648,93.57
all_reduce_perf,12,[[0,1,2,3,4,5,6,7],[0,1],[0,1],[]],2147483648,87.23
all_reduce_perf,12,[[0,1,2,3,4,5],[0,1,2,3],[0,1],[]],2147483648,93.11
all_reduce_perf,12,[[0,1,2,3,4,5],[0,1,2],[0,1,2],[]],2147483648,127.54
all_reduce_perf,12,[[0,1,2,3,4],[0,1,2],[0,1,2],[0]],2147483648,48.83
all_reduce_perf,12,[[0,1,2,3,4,5],[0,1,2,3,4],[0],[]],2147483648,48.64
all_reduce_perf,12,[[0,1,2,3,4,5,6],[0,1,2,3,4],[],[]],2147483648,418.49
all_reduce_perf,12,[[0,1,2,3,4],[0,1,2,3],[0,1],[0]],2147483648,48.90
all_reduce_perf,12,[[0,1,2,3,4,5],[0,1,2,3,4,5],[],[]],2147483648,440.20
all_reduce_perf,12,[[0,1,2,3],[0,1,2,3],[0,1,2,3],[]],2147483648,195.04
all_reduce_perf,12,[[0,1,2,3,4],[0,1,2],[0,1],[0,1]],2147483648,82.96
all_reduce_perf,13,[[0,1,2,3,4,5],[0,1,2,3,4,5],[0],[]],2147483648,48.71
all_reduce_perf,13,[[0,1,2,3,4,5,6,7],[0,1,2,3,4],[],[]],2147483648,413.19
all_reduce_perf,13,[[0,1,2,3,4,5],[0,1,2,3],[0,1],[0]],2147483648,48.79
all_reduce_perf,13,[[0,1,2,3,4],[0,1,2],[0,1,2],[0,1]],2147483648,84.87
all_reduce_perf,13,[[0,1,2,3,4],[0,1,2,3,4],[0,1],[0]],2147483648,48.97
all_reduce_perf,13,[[0,1,2,3,4,5,6,7],[0,1,2],[0],[0]],2147483648,48.94
all_reduce_perf,13,[[0,1,2,3,4,5,6],[0,1,2],[0,1],[0]],2147483648,48.86
all_reduce_perf,13,[[0,1,2,3],[0,1,2,3],[0,1,2,3],[0]],2147483648,48.83
all_reduce_perf,13,[[0,1,2,3],[0,1,2,3],[0,1,2],[0,1]],2147483648,82.55
all_reduce_perf,13,[[0,1,2,3,4,5,6,7],[0,1,2],[0,1],[]],2147483648,77.60
all_reduce_perf,13,[[0,1,2,3,4,5],[0,1,2,3],[0,1,2],[]],2147483648,113.74
all_reduce_perf,13,[[0,1,2,3,4],[0,1,2,3,4],[0,1,2],[]],2147483648,112.43
all_reduce_perf,13,[[0,1,2,3,4,5,6],[0,1,2],[0,1,2],[]],2147483648,128.76
all_reduce_perf,13,[[0,1,2,3,4],[0,1,2,3],[0,1,2,3],[]],2147483648,224.10
all_reduce_perf,13,[[0,1,2,3,4,5,6,7],[0,1,2,3],[0],[]],2147483648,48.86
all_reduce_perf,13,[[0,1,2,3,4,5,6],[0,1,2,3],[0],[0]],2147483648,49.07
all_reduce_perf,13,[[0,1,2,3,4,5],[0,1,2],[0,1,2],[0]],2147483648,48.73
all_reduce_perf,13,[[0,1,2,3,4,5],[0,1,2],[0,1],[0,1]],2147483648,83.20
all_reduce_perf,13,[[0,1,2,3,4,5,6],[0,1,2,3],[0,1],[]],2147483648,93.08
all_reduce_perf,13,[[0,1,2,3,4,5,6],[0,1],[0,1],[0,1]],2147483648,90.97
all_reduce_perf,13,[[0,1,2,3,4,5,6,7],[0,1],[0,1],[0]],2147483648,48.65
all_reduce_perf,13,[[0,1,2,3,4],[0,1,2,3],[0,1,2],[0]],2147483648,48.90
all_reduce_perf,13,[[0,1,2,3,4,5],[0,1,2,3,4],[0],[0]],2147483648,49.07
all_reduce_perf,13,[[0,1,2,3,4],[0,1,2,3],[0,1],[0,1]],2147483648,91.37
all_reduce_perf,13,[[0,1,2,3,4,5,6],[0,1,2,3,4,5],[],[]],2147483648,441.54
all_reduce_perf,13,[[0,1,2,3],[0,1,2],[0,1,2],[0,1,2]],2147483648,113.93
all_reduce_perf,13,[[0,1,2,3,4,5,6],[0,1,2,3,4],[0],[]],2147483648,48.82
all_reduce_perf,13,[[0,1,2,3,4,5],[0,1,2,3,4],[0,1],[]],2147483648,93.27
all_reduce_perf,14,[[0,1,2,3,4,5,6,7],[0,1,2,3,4,5],[],[]],2147483648,445.43
all_reduce_perf,14,[[0,1,2,3,4,5,6,7],[0,1,2,3,4],[0],[]],2147483648,48.45
all_reduce_perf,14,[[0,1,2,3,4,5],[0,1,2],[0,1,2],[0,1]],2147483648,84.58
all_reduce_perf,14,[[0,1,2,3],[0,1,2,3],[0,1,2,3],[0,1]],2147483648,93.23
all_reduce_perf,14,[[0,1,2,3,4],[0,1,2,3,4],[0,1,2,3],[]],2147483648,225.22
all_reduce_perf,14,[[0,1,2,3,4,5],[0,1,2,3,4],[0,1],[0]],2147483648,48.75
all_reduce_perf,14,[[0,1,2,3,4,5,6],[0,1,2,3],[0,1,2],[]],2147483648,115.12
all_reduce_perf,14,[[0,1,2,3,4,5,6],[0,1,2],[0,1],[0,1]],2147483648,82.82
all_reduce_perf,14,[[0,1,2,3,4,5,6],[0,1,2],[0,1,2],[0]],2147483648,48.78
all_reduce_perf,14,[[0,1,2,3,4,5],[0,1,2,3,4,5],[0],[0]],2147483648,48.95
all_reduce_perf,14,[[0,1,2,3,4,5,6,7],[0,1],[0,1],[0,1]],2147483648,87.31
all_reduce_perf,14,[[0,1,2,3,4,5,6,7],[0,1,2],[0,1],[0]],2147483648,48.65
all_reduce_perf,14,[[0,1,2,3,4,5],[0,1,2,3,4,5],[0,1],[]],2147483648,93.30
all_reduce_perf,14,[[0,1,2,3,4,5],[0,1,2,3,4],[0,1,2],[]],2147483648,112.14
all_reduce_perf,14,[[0,1,2,3,4],[0,1,2,3,4],[0,1,2],[0]],2147483648,48.85
all_reduce_perf,14,[[0,1,2,3,4,5,6],[0,1,2,3,4],[0],[0]],2147483648,48.81
all_reduce_perf,14,[[0,1,2,3,4],[0,1,2,3,4],[0,1],[0,1]],2147483648,91.46
all_reduce_perf,14,[[0,1,2,3,4],[0,1,2],[0,1,2],[0,1,2]],2147483648,112.09
all_reduce_perf,14,[[0,1,2,3,4,5],[0,1,2,3],[0,1,2,3],[]],2147483648,225.12
all_reduce_perf,14,[[0,1,2,3,4,5,6,7],[0,1,2,3],[0],[0]],2147483648,48.95
all_reduce_perf,14,[[0,1,2,3,4,5,6,7],[0,1,2],[0,1,2],[]],2147483648,89.75
all_reduce_perf,14,[[0,1,2,3,4,5,6],[0,1,2,3,4],[0,1],[]],2147483648,93.10
all_reduce_perf,14,[[0,1,2,3,4],[0,1,2,3],[0,1,2],[0,1]],2147483648,82.45
all_reduce_perf,14,[[0,1,2,3,4,5,6,7],[0,1,2,3],[0,1],[]],2147483648,92.89
all_reduce_perf,14,[[0,1,2,3,4,5,6],[0,1,2,3,4,5],[0],[]],2147483648,48.60
all_reduce_perf,14,[[0,1,2,3,4],[0,1,2,3],[0,1,2,3],[0]],2147483648,48.87
all_reduce_perf,14,[[0,1,2,3],[0,1,2,3],[0,1,2],[0,1,2]],2147483648,115.19
all_reduce_perf,14,[[0,1,2,3,4,5],[0,1,2,3],[0,1,2],[0]],2147483648,48.72
all_reduce_perf,14,[[0,1,2,3,4,5,6],[0,1,2,3,4,5,6],[],[]],2147483648,450.54
all_reduce_perf,14,[[0,1,2,3,4,5],[0,1,2,3],[0,1],[0,1]],2147483648,91.22
all_reduce_perf,14,[[0,1,2,3,4,5,6],[0,1,2,3],[0,1],[0]],2147483648,48.81
all_reduce_perf,15,[[0,1,2,3,4,5],[0,1,2,3,4,5],[0,1],[0]],2147483648,48.68
all_reduce_perf,15,[[0,1,2,3,4,5,6],[0,1,2,3,4,5],[0],[0]],2147483648,48.67
all_reduce_perf,15,[[0,1,2,3,4,5],[0,1,2],[0,1,2],[0,1,2]],2147483648,127.87
all_reduce_perf,15,[[0,1,2,3,4,5,6,7],[0,1,2,3,4],[0,1],[]],2147483648,93.16
all_reduce_perf,15,[[0,1,2,3,4,5,6],[0,1,2,3,4],[0,1],[0]],2147483648,48.51
all_reduce_perf,15,[[0,1,2,3,4,5,6,7],[0,1,2,3],[0,1,2],[]],2147483648,111.22
all_reduce_perf,15,[[0,1,2,3,4,5,6],[0,1,2,3,4,5],[0,1],[]],2147483648,92.95
all_reduce_perf,15,[[0,1,2,3,4,5],[0,1,2,3,4],[0,1,2,3],[]],2147483648,226.55
all_reduce_perf,15,[[0,1,2,3,4,5,6],[0,1,2],[0,1,2],[0,1]],2147483648,84.79
all_reduce_perf,15,[[0,1,2,3,4,5,6,7],[0,1,2],[0,1,2],[0]],2147483648,48.52
all_reduce_perf,15,[[0,1,2,3,4,5,6],[0,1,2,3],[0,1,2],[0]],2147483648,48.76
all_reduce_perf,15,[[0,1,2,3,4,5,6,7],[0,1,2],[0,1],[0,1]],2147483648,77.76
all_reduce_perf,15,[[0,1,2,3,4,5,6],[0,1,2,3],[0,1],[0,1]],2147483648,90.55
all_reduce_perf,15,[[0,1,2,3,4,5],[0,1,2,3,4,5],[0,1,2],[]],2147483648,128.46
all_reduce_perf,15,[[0,1,2,3,4,5,6,7],[0,1,2,3,4,5],[0],[]],2147483648,48.43
all_reduce_perf,15,[[0,1,2,3,4,5,6],[0,1,2,3,4],[0,1,2],[]],2147483648,111.85
all_reduce_perf,15,[[0,1,2,3,4],[0,1,2,3],[0,1,2,3],[0,1]],2147483648,92.99
all_reduce_perf,15,[[0,1,2,3,4],[0,1,2,3],[0,1,2],[0,1,2]],2147483648,90.33
all_reduce_perf,15,[[0,1,2,3,4,5,6,7],[0,1,2,3,4,5,6],[],[]],2147483648,454.57
all_reduce_perf,15,[[0,1,2,3,4,5],[0,1,2,3,4],[0,1,2],[0]],2147483648,48.66
all_reduce_perf,15,[[0,1,2,3],[0,1,2,3],[0,1,2,3],[0,1,2]],2147483648,115.88
all_reduce_perf,15,[[0,1,2,3,4,5,6],[0,1,2,3,4,5,6],[0],[]],2147483648,48.62
all_reduce_perf,15,[[0,1,2,3,4,5],[0,1,2,3,4],[0,1],[0,1]],2147483648,90.83
all_reduce_perf,15,[[0,1,2,3,4],[0,1,2,3,4],[0,1,2,3,4],[]],2147483648,243.52
all_reduce_perf,15,[[0,1,2,3,4,5],[0,1,2,3],[0,1,2,3],[0]],2147483648,48.69
all_reduce_perf,15,[[0,1,2,3,4,5],[0,1,2,3],[0,1,2],[0,1]],2147483648,82.96
all_reduce_perf,15,[[0,1,2,3,4],[0,1,2,3,4],[0,1,2,3],[0]],2147483648,48.79
all_reduce_perf,15,[[0,1,2,3,4],[0,1,2,3,4],[0,1,2],[0,1]],2147483648,82.70
all_reduce_perf,15,[[0,1,2,3,4,5,6,7],[0,1,2,3],[0,1],[0]],2147483648,48.64
all_reduce_perf,15,[[0,1,2,3,4,5,6],[0,1,2,3],[0,1,2,3],[]],2147483648,144.09
all_reduce_perf,15,[[0,1,2,3,4,5,6,7],[0,1,2,3,4],[0],[0]],2147483648,48.67
all_reduce_perf,16,[[0,1,2,3,4,5,6,7],[0,1,2,3],[0,1,2,3],[]],2147483648,163.31
all_reduce_perf,16,[[0,1,2,3,4,5],[0,1,2,3,4],[0,1,2,3,4],[]],2147483648,242.07
all_reduce_perf,16,[[0,1,2,3,4],[0,1,2,3,4],[0,1,2,3,4],[0]],2147483648,49.01
all_reduce_perf,16,[[0,1,2,3,4,5,6,7],[0,1,2,3,4],[0,1,2],[]],2147483648,112.50
all_reduce_perf,16,[[0,1,2,3,4,5,6,7],[0,1,2],[0,1,2],[0,1]],2147483648,73.01
all_reduce_perf,16,[[0,1,2,3,4,5,6],[0,1,2],[0,1,2],[0,1,2]],2147483648,129.75
all_reduce_perf,16,[[0,1,2,3,4],[0,1,2,3,4],[0,1,2,3],[0,1]],2147483648,93.67
all_reduce_perf,16,[[0,1,2,3,4,5,6],[0,1,2,3,4,5],[0,1],[0]],2147483648,48.95
all_reduce_perf,16,[[0,1,2,3,4,5],[0,1,2,3],[0,1,2],[0,1,2]],2147483648,113.16
all_reduce_perf,16,[[0,1,2,3,4,5],[0,1,2,3,4],[0,1,2,3],[0]],2147483648,48.92
all_reduce_perf,16,[[0,1,2,3,4,5,6,7],[0,1,2,3,4,5],[0],[0]],2147483648,48.80
all_reduce_perf,16,[[0,1,2,3,4,5,6],[0,1,2,3,4,5,6],[0],[0]],2147483648,49.02
all_reduce_perf,16,[[0,1,2,3,4,5],[0,1,2,3,4],[0,1,2],[0,1]],2147483648,82.81
all_reduce_perf,16,[[0,1,2,3,4,5],[0,1,2,3,4,5],[0,1,2,3],[]],2147483648,227.05
all_reduce_perf,16,[[0,1,2,3,4,5,6,7],[0,1,2,3],[0,1,2],[0]],2147483648,48.85
all_reduce_perf,16,[[0,1,2,3,4,5],[0,1,2,3],[0,1,2,3],[0,1]],2147483648,93.40
all_reduce_perf,16,[[0,1,2,3,4,5,6,7],[0,1,2,3,4,5],[0,1],[]],2147483648,93.24
all_reduce_perf,16,[[0,1,2,3,4,5,6],[0,1,2,3,4,5,6],[0,1],[]],2147483648,93.40
all_reduce_perf,16,[[0,1,2,3,4],[0,1,2,3],[0,1,2,3],[0,1,2]],2147483648,89.82
all_reduce_perf,16,[[0,1,2,3,4,5,6],[0,1,2,3,4,5],[0,1,2],[]],2147483648,128.08
all_reduce_perf,16,[[0,1,2,3,4,5,6,7],[0,1,2,3],[0,1],[0,1]],2147483648,91.83
all_reduce_perf,16,[[0,1,2,3,4,5,6],[0,1,2,3,4],[0,1,2,3],[]],2147483648,226.99
all_reduce_perf,16,[[0,1,2,3,4,5,6],[0,1,2,3],[0,1,2,3],[0]],2147483648,48.95
all_reduce_perf,16,[[0,1,2,3,4,5,6],[0,1,2,3],[0,1,2],[0,1]],2147483648,82.85
all_reduce_perf,16,[[0,1,2,3,4,5],[0,1,2,3,4,5],[0,1,2],[0]],2147483648,48.72
all_reduce_perf,16,[[0,1,2,3,4,5,6,7],[0,1,2,3,4,5,6],[0],[]],2147483648,48.68
all_reduce_perf,16,[[0,1,2,3,4],[0,1,2,3,4],[0,1,2],[0,1,2]],2147483648,112.48
all_reduce_perf,16,[[0,1,2,3,4,5,6,7],[0,1,2,3,4],[0,1],[0]],2147483648,48.75
all_reduce_perf,16,[[0,1,2,3,4,5],[0,1,2,3,4,5],[0,1],[0,1]],2147483648,91.61
all_reduce_perf,16,[[0,1,2,3,4,5,6],[0,1,2,3,4],[0,1,2],[0]],2147483648,48.90
all_reduce_perf,16,[[0,1,2,3,4,5,6],[0,1,2,3,4],[0,1],[0,1]],2147483648,91.38
all_reduce_perf,16,[[0,1,2,3,4,5,6,7],[0,1,2,3,4,5,6,7],[],[]],2147483648,459.82
all_reduce_perf,16,[[0,1,2,3],[0,1,2,3],[0,1,2,3],[0,1,2,3]],2147483648,195.66
all_reduce_perf,17,[[0,1,2,3,4,5,6],[0,1,2,3,4,5],[0,1,2,3],[]],2147483648,227.84
all_reduce_perf,17,[[0,1,2,3,4,5],[0,1,2,3,4],[0,1,2,3],[0,1]],2147483648,93.12
all_reduce_perf,17,[[0,1,2,3,4,5],[0,1,2,3,4],[0,1,2,3,4],[0]],2147483648,48.64
all_reduce_perf,17,[[0,1,2,3,4,5,6],[0,1,2,3,4,5,6],[0,1,2],[]],2147483648,127.78
all_reduce_perf,17,[[0,1,2,3,4,5,6,7],[0,1,2,3,4,5,6],[0],[0]],2147483648,48.65
all_reduce_perf,17,[[0,1,2,3,4,5],[0,1,2,3,4,5],[0,1,2,3,4],[]],2147483648,240.25
all_reduce_perf,17,[[0,1,2,3,4,5,6,7],[0,1,2,3,4],[0,1,2,3],[]],2147483648,227.26
all_reduce_perf,17,[[0,1,2,3,4,5,6],[0,1,2,3,4,5],[0,1,2],[0]],2147483648,48.69
all_reduce_perf,17,[[0,1,2,3,4,5,6],[0,1,2,3,4,5],[0,1],[0,1]],2147483648,90.70
all_reduce_perf,17,[[0,1,2,3,4,5,6],[0,1,2,3,4],[0,1,2,3,4],[]],2147483648,240.11
all_reduce_perf,17,[[0,1,2,3,4],[0,1,2,3],[0,1,2,3],[0,1,2,3]],2147483648,175.02
all_reduce_perf,17,[[0,1,2,3,4,5],[0,1,2,3,4,5],[0,1,2,3],[0]],2147483648,48.63
all_reduce_perf,17,[[0,1,2,3,4,5,6,7],[0,1,2,3,4,5,6],[0,1],[]],2147483648,93.02
all_reduce_perf,17,[[0,1,2,3,4,5,6],[0,1,2,3],[0,1,2,3],[0,1]],2147483648,92.78
all_reduce_perf,17,[[0,1,2,3,4,5,6,7],[0,1,2,3,4,5],[0,1],[0]],2147483648,48.46
all_reduce_perf,17,[[0,1,2,3,4,5,6],[0,1,2,3,4],[0,1,2,3],[0]],2147483648,48.75
all_reduce_perf,17,[[0,1,2,3,4,5],[0,1,2,3,4,5],[0,1,2],[0,1]],2147483648,82.90
all_reduce_perf,17,[[0,1,2,3,4,5,6],[0,1,2,3,4],[0,1,2],[0,1]],2147483648,83.18
all_reduce_perf,17,[[0,1,2,3,4,5],[0,1,2,3,4],[0,1,2],[0,1,2]],2147483648,112.43
all_reduce_perf,17,[[0,1,2,3,4,5,6,7],[0,1,2,3,4],[0,1,2],[0]],2147483648,48.44
all_reduce_perf,17,[[0,1,2,3,4,5,6,7],[0,1,2,3,4],[0,1],[0,1]],2147483648,91.17
all_reduce_perf,17,[[0,1,2,3,4,5,6,7],[0,1,2],[0,1,2],[0,1,2]],2147483648,89.51
all_reduce_perf,17,[[0,1,2,3,4,5,6,7],[0,1,2,3,4,5],[0,1,2],[]],2147483648,128.81
all_reduce_perf,17,[[0,1,2,3,4],[0,1,2,3,4],[0,1,2,3,4],[0,1]],2147483648,92.98
all_reduce_perf,17,[[0,1,2,3,4,5,6,7],[0,1,2,3],[0,1,2],[0,1]],2147483648,83.16
all_reduce_perf,17,[[0,1,2,3,4,5,6],[0,1,2,3,4,5,6],[0,1],[0]],2147483648,48.76
all_reduce_perf,17,[[0,1,2,3,4,5,6,7],[0,1,2,3,4,5,6,7],[0],[]],2147483648,48.44
all_reduce_perf,17,[[0,1,2,3,4,5],[0,1,2,3],[0,1,2,3],[0,1,2]],2147483648,114.77
all_reduce_perf,17,[[0,1,2,3,4],[0,1,2,3,4],[0,1,2,3],[0,1,2]],2147483648,89.94
all_reduce_perf,17,[[0,1,2,3,4,5,6],[0,1,2,3],[0,1,2],[0,1,2]],2147483648,115.09
all_reduce_perf,17,[[0,1,2,3,4,5,6,7],[0,1,2,3],[0,1,2,3],[0]],2147483648,48.63
all_reduce_perf,18,[[0,1,2,3,4,5,6,7],[0,1,2,3],[0,1,2,3],[0,1]],2147483648,93.36
all_reduce_perf,18,[[0,1,2,3,4,5,6,7],[0,1,2,3],[0,1,2],[0,1,2]],2147483648,96.25
all_reduce_perf,18,[[0,1,2,3,4,5,6],[0,1,2,3,4,5,6],[0,1,2,3],[]],2147483648,151.83
all_reduce_perf,18,[[0,1,2,3,4,5,6,7],[0,1,2,3,4],[0,1,2,3],[0]],2147483648,48.63
all_reduce_perf,18,[[0,1,2,3,4,5],[0,1,2,3,4,5],[0,1,2],[0,1,2]],2147483648,127.31
all_reduce_perf,18,[[0,1,2,3,4,5,6,7],[0,1,2,3,4,5],[0,1,2],[0]],2147483648,48.48
all_reduce_perf,18,[[0,1,2,3,4],[0,1,2,3,4],[0,1,2,3,4],[0,1,2]],2147483648,112.05
all_reduce_perf,18,[[0,1,2,3,4],[0,1,2,3,4],[0,1,2,3],[0,1,2,3]],2147483648,175.63
all_reduce_perf,18,[[0,1,2,3,4,5,6,7],[0,1,2,3,4],[0,1,2],[0,1]],2147483648,82.23
all_reduce_perf,18,[[0,1,2,3,4,5,6,7],[0,1,2,3,4,5],[0,1],[0,1]],2147483648,91.31
all_reduce_perf,18,[[0,1,2,3,4,5],[0,1,2,3,4],[0,1,2,3],[0,1,2]],2147483648,89.71
all_reduce_perf,18,[[0,1,2,3,4,5,6,7],[0,1,2,3,4,5,6],[0,1],[0]],2147483648,48.53
all_reduce_perf,18,[[0,1,2,3,4,5,6,7],[0,1,2,3,4,5,6,7],[0],[0]],2147483648,48.66
all_reduce_perf,18,[[0,1,2,3,4,5,6,7],[0,1,2,3,4,5,6,7],[0,1],[]],2147483648,92.79
all_reduce_perf,18,[[0,1,2,3,4,5,6],[0,1,2,3,4,5,6],[0,1,2],[0]],2147483648,48.89
all_reduce_perf,18,[[0,1,2,3,4,5,6],[0,1,2,3],[0,1,2,3],[0,1,2]],2147483648,115.80
all_reduce_perf,18,[[0,1,2,3,4,5,6],[0,1,2,3,4],[0,1,2],[0,1,2]],2147483648,112.27
all_reduce_perf,18,[[0,1,2,3,4,5,6],[0,1,2,3,4,5],[0,1,2,3,4],[]],2147483648,244.51
all_reduce_perf,18,[[0,1,2,3,4,5,6,7],[0,1,2,3,4,5,6],[0,1,2],[]],2147483648,128.44
all_reduce_perf,18,[[0,1,2,3,4,5,6],[0,1,2,3,4,5,6],[0,1],[0,1]],2147483648,91.01
all_reduce_perf,18,[[0,1,2,3,4,5],[0,1,2,3,4],[0,1,2,3,4],[0,1]],2147483648,92.86
all_reduce_perf,18,[[0,1,2,3,4,5],[0,1,2,3,4,5],[0,1,2,3],[0,1]],2147483648,92.62
all_reduce_perf,18,[[0,1,2,3,4,5,6],[0,1,2,3,4,5],[0,1,2,3],[0]],2147483648,48.69
all_reduce_perf,18,[[0,1,2,3,4,5],[0,1,2,3,4,5],[0,1,2,3,4,5],[]],2147483648,289.97
all_reduce_perf,18,[[0,1,2,3,4,5],[0,1,2,3,4,5],[0,1,2,3,4],[0]],2147483648,48.68
all_reduce_perf,18,[[0,1,2,3,4,5,6],[0,1,2,3,4,5],[0,1,2],[0,1]],2147483648,82.10
all_reduce_perf,18,[[0,1,2,3,4,5,6],[0,1,2,3,4],[0,1,2,3],[0,1]],2147483648,92.63
all_reduce_perf,18,[[0,1,2,3,4,5,6,7],[0,1,2,3,4,5],[0,1,2,3],[]],2147483648,228.70
all_reduce_perf,18,[[0,1,2,3,4,5,6],[0,1,2,3,4],[0,1,2,3,4],[0]],2147483648,48.79
all_reduce_perf,18,[[0,1,2,3,4,5,6,7],[0,1,2,3,4],[0,1,2,3,4],[]],2147483648,244.10
all_reduce_perf,18,[[0,1,2,3,4,5],[0,1,2,3],[0,1,2,3],[0,1,2,3]],2147483648,176.00
all_reduce_perf,19,[[0,1,2,3,4,5,6,7],[0,1,2,3],[0,1,2,3],[0,1,2]],2147483648,93.90
all_reduce_perf,19,[[0,1,2,3,4,5,6],[0,1,2,3],[0,1,2,3],[0,1,2,3]],2147483648,145.53
all_reduce_perf,19,[[0,1,2,3,4,5,6,7],[0,1,2,3,4,5,6],[0,1,2,3],[]],2147483648,151.55
all_reduce_perf,19,[[0,1,2,3,4,5,6],[0,1,2,3,4,5],[0,1,2,3],[0,1]],2147483648,92.79
all_reduce_perf,19,[[0,1,2,3,4,5,6],[0,1,2,3,4],[0,1,2,3,4],[0,1]],2147483648,92.68
all_reduce_perf,19,[[0,1,2,3,4,5,6,7],[0,1,2,3,4,5,6],[0,1,2],[0]],2147483648,48.54
all_reduce_perf,19,[[0,1,2,3,4,5,6],[0,1,2,3,4,5],[0,1,2,3,4,5],[]],2147483648,287.12
all_reduce_perf,19,[[0,1,2,3,4,5,6],[0,1,2,3,4,5],[0,1,2,3,4],[0]],2147483648,48.85
all_reduce_perf,19,[[0,1,2,3,4,5,6,7],[0,1,2,3,4,5,6],[0,1],[0,1]],2147483648,91.27
all_reduce_perf,19,[[0,1,2,3,4,5,6,7],[0,1,2,3,4],[0,1,2],[0,1,2]],2147483648,111.24
all_reduce_perf,19,[[0,1,2,3,4],[0,1,2,3,4],[0,1,2,3,4],[0,1,2,3]],2147483648,175.62
all_reduce_perf,19,[[0,1,2,3,4,5],[0,1,2,3,4,5],[0,1,2,3,4,5],[0]],2147483648,48.67
all_reduce_perf,19,[[0,1,2,3,4,5,6,7],[0,1,2,3,4,5,6,7],[0,1],[0]],2147483648,48.59
all_reduce_perf,19,[[0,1,2,3,4,5],[0,1,2,3,4,5],[0,1,2,3],[0,1,2]],2147483648,115.02
all_reduce_perf,19,[[0,1,2,3,4,5,6,7],[0,1,2,3,4,5],[0,1,2,3,4],[]],2147483648,244.09
all_reduce_perf,19,[[0,1,2,3,4,5,6],[0,1,2,3,4,5],[0,1,2],[0,1,2]],2147483648,126.60
all_reduce_perf,19,[[0,1,2,3,4,5,6,7],[0,1,2,3,4,5],[0,1,2,3],[0]],2147483648,48.76
all_reduce_perf,19,[[0,1,2,3,4,5,6,7],[0,1,2,3,4,5,6,7],[0,1,2],[]],2147483648,128.08
all_reduce_perf,19,[[0,1,2,3,4,5,6],[0,1,2,3,4,5,6],[0,1,2,3,4],[]],2147483648,244.54
all_reduce_perf,19,[[0,1,2,3,4,5,6,7],[0,1,2,3,4,5],[0,1,2],[0,1]],2147483648,82.86
all_reduce_perf,19,[[0,1,2,3,4,5],[0,1,2,3,4],[0,1,2,3,4],[0,1,2]],2147483648,111.59
all_reduce_perf,19,[[0,1,2,3,4,5],[0,1,2,3,4,5],[0,1,2,3,4],[0,1]],2147483648,93.18
all_reduce_perf,19,[[0,1,2,3,4,5,6],[0,1,2,3,4],[0,1,2,3],[0,1,2]],2147483648,90.59
all_reduce_perf,19,[[0,1,2,3,4,5,6],[0,1,2,3,4,5,6],[0,1,2,3],[0]],2147483648,48.88
all_reduce_perf,19,[[0,1,2,3,4,5,6,7],[0,1,2,3,4],[0,1,2,3],[0,1]],2147483648,93.56
all_reduce_perf,19,[[0,1,2,3,4,5,6,7],[0,1,2,3,4],[0,1,2,3,4],[0]],2147483648,48.47
all_reduce_perf,19,[[0,1,2,3,4,5],[0,1,2,3,4],[0,1,2,3],[0,1,2,3]],2147483648,176.37
all_reduce_perf,19,[[0,1,2,3,4,5,6],[0,1,2,3,4,5,6],[0,1,2],[0,1]],2147483648,82.56
all_reduce_perf,20,[[0,1,2,3,4,5,6,7],[0,1,2,3,4],[0,1,2,3],[0,1,2]],2147483648,89.79
all_reduce_perf,20,[[0,1,2,3,4,5,6],[0,1,2,3,4,5,6],[0,1,2,3,4],[0]],2147483648,48.95
all_reduce_perf,20,[[0,1,2,3,4,5,6,7],[0,1,2,3,4,5],[0,1,2],[0,1,2]],2147483648,96.74
all_reduce_perf,20,[[0,1,2,3,4,5,6,7],[0,1,2,3],[0,1,2,3],[0,1,2,3]],2147483648,159.97
all_reduce_perf,20,[[0,1,2,3,4,5],[0,1,2,3,4,5],[0,1,2,3],[0,1,2,3]],2147483648,176.64
all_reduce_perf,20,[[0,1,2,3,4,5,6],[0,1,2,3,4,5,6],[0,1,2],[0,1,2]],2147483648,126.97
all_reduce_perf,20,[[0,1,2,3,4,5],[0,1,2,3,4,5],[0,1,2,3,4],[0,1,2]],2147483648,111.68
all_reduce_perf,20,[[0,1,2,3,4,5,6,7],[0,1,2,3,4,5,6,7],[0,1,2,3],[]],2147483648,185.86
all_reduce_perf,20,[[0,1,2,3,4,5,6,7],[0,1,2,3,4,5],[0,1,2,3],[0,1]],2147483648,93.44
all_reduce_perf,20,[[0,1,2,3,4,5,6,7],[0,1,2,3,4],[0,1,2,3,4],[0,1]],2147483648,93.25
all_reduce_perf,20,[[0,1,2,3,4,5,6],[0,1,2,3,4,5],[0,1,2,3,4,5],[0]],2147483648,49.00
all_reduce_perf,20,[[0,1,2,3,4],[0,1,2,3,4],[0,1,2,3,4],[0,1,2,3,4]],2147483648,244.22
all_reduce_perf,20,[[0,1,2,3,4,5,6,7],[0,1,2,3,4,5,6],[0,1,2,3,4],[]],2147483648,244.21
all_reduce_perf,20,[[0,1,2,3,4,5,6,7],[0,1,2,3,4,5],[0,1,2,3,4,5],[]],2147483648,288.86
all_reduce_perf,20,[[0,1,2,3,4,5],[0,1,2,3,4],[0,1,2,3,4],[0,1,2,3]],2147483648,176.77
all_reduce_perf,20,[[0,1,2,3,4,5,6,7],[0,1,2,3,4,5,6],[0,1,2,3],[0]],2147483648,48.86
all_reduce_perf,20,[[0,1,2,3,4,5,6,7],[0,1,2,3,4,5],[0,1,2,3,4],[0]],2147483648,48.78
all_reduce_perf,20,[[0,1,2,3,4,5,6,7],[0,1,2,3,4,5,6],[0,1,2],[0,1]],2147483648,83.24
all_reduce_perf,20,[[0,1,2,3,4,5,6,7],[0,1,2,3,4,5,6,7],[0,1,2],[0]],2147483648,48.79
all_reduce_perf,20,[[0,1,2,3,4,5,6,7],[0,1,2,3,4,5,6,7],[0,1],[0,1]],2147483648,90.60
all_reduce_perf,20,[[0,1,2,3,4,5,6],[0,1,2,3,4],[0,1,2,3,4],[0,1,2]],2147483648,111.59
all_reduce_perf,20,[[0,1,2,3,4,5,6],[0,1,2,3,4],[0,1,2,3],[0,1,2,3]],2147483648,177.15
all_reduce_perf,20,[[0,1,2,3,4,5,6],[0,1,2,3,4,5],[0,1,2,3],[0,1,2]],2147483648,114.72
all_reduce_perf,20,[[0,1,2,3,4,5,6],[0,1,2,3,4,5,6],[0,1,2,3],[0,1]],2147483648,92.69
all_reduce_perf,20,[[0,1,2,3,4,5,6],[0,1,2,3,4,5,6],[0,1,2,3,4,5],[]],2147483648,288.64
all_reduce_perf,20,[[0,1,2,3,4,5],[0,1,2,3,4,5],[0,1,2,3,4,5],[0,1]],2147483648,92.90
all_reduce_perf,20,[[0,1,2,3,4,5,6],[0,1,2,3,4,5],[0,1,2,3,4],[0,1]],2147483648,92.70
all_reduce_perf,21,[[0,1,2,3,4,5,6],[0,1,2,3,4,5],[0,1,2,3],[0,1,2,3]],2147483648,177.59
all_reduce_perf,21,[[0,1,2,3,4,5,6],[0,1,2,3,4,5,6],[0,1,2,3,4,5],[0]],2147483648,48.87
all_reduce_perf,21,[[0,1,2,3,4,5],[0,1,2,3,4,5],[0,1,2,3,4,5],[0,1,2]],2147483648,128.10
all_reduce_perf,21,[[0,1,2,3,4,5,6,7],[0,1,2,3,4,5],[0,1,2,3],[0,1,2]],2147483648,93.67
all_reduce_perf,21,[[0,1,2,3,4,5,6,7],[0,1,2,3,4],[0,1,2,3],[0,1,2,3]],2147483648,176.83
all_reduce_perf,21,[[0,1,2,3,4,5,6],[0,1,2,3,4,5,6],[0,1,2,3,4,5,6],[]],2147483648,339.89
all_reduce_perf,21,[[0,1,2,3,4,5,6],[0,1,2,3,4,5],[0,1,2,3,4,5],[0,1]],2147483648,92.33
all_reduce_perf,21,[[0,1,2,3,4,5,6,7],[0,1,2,3,4,5,6,7],[0,1,2,3,4],[]],2147483648,243.60
all_reduce_perf,21,[[0,1,2,3,4,5,6,7],[0,1,2,3,4,5,6],[0,1,2,3,4,5],[]],2147483648,284.70
all_reduce_perf,21,[[0,1,2,3,4,5,6,7],[0,1,2,3,4,5,6],[0,1,2,3],[0,1]],2147483648,93.27
all_reduce_perf,21,[[0,1,2,3,4,5,6,7],[0,1,2,3,4,5,6],[0,1,2,3,4],[0]],2147483648,48.46
all_reduce_perf,21,[[0,1,2,3,4,5,6],[0,1,2,3,4],[0,1,2,3,4],[0,1,2,3]],2147483648,177.47
all_reduce_perf,21,[[0,1,2,3,4,5,6],[0,1,2,3,4,5,6],[0,1,2,3,4],[0,1]],2147483648,92.52
all_reduce_perf,21,[[0,1,2,3,4,5,6,7],[0,1,2,3,4,5,6,7],[0,1,2,3],[0]],2147483648,48.67
all_reduce_perf,21,[[0,1,2,3,4,5,6,7],[0,1,2,3,4],[0,1,2,3,4],[0,1,2]],2147483648,110.93
all_reduce_perf,21,[[0,1,2,3,4,5,6,7],[0,1,2,3,4,5,6,7],[0,1,2],[0,1]],2147483648,82.05
all_reduce_perf,21,[[0,1,2,3,4,5,6,7],[0,1,2,3,4,5],[0,1,2,3,4,5],[0]],2147483648,48.39
all_reduce_perf,21,[[0,1,2,3,4,5],[0,1,2,3,4],[0,1,2,3,4],[0,1,2,3,4]],2147483648,244.25
all_reduce_perf,21,[[0,1,2,3,4,5,6],[0,1,2,3,4,5],[0,1,2,3,4],[0,1,2]],2147483648,111.07
all_reduce_perf,21,[[0,1,2,3,4,5,6],[0,1,2,3,4,5,6],[0,1,2,3],[0,1,2]],2147483648,113.03
all_reduce_perf,21,[[0,1,2,3,4,5,6,7],[0,1,2,3,4,5,6],[0,1,2],[0,1,2]],2147483648,97.05
all_reduce_perf,21,[[0,1,2,3,4,5,6,7],[0,1,2,3,4,5],[0,1,2,3,4],[0,1]],2147483648,92.90
all_reduce_perf,21,[[0,1,2,3,4,5],[0,1,2,3,4,5],[0,1,2,3,4],[0,1,2,3]],2147483648,177.28
all_reduce_perf,22,[[0,1,2,3,4,5,6,7],[0,1,2,3,4,5,6,7],[0,1,2,3,4,5],[]],2147483648,292.88
all_reduce_perf,22,[[0,1,2,3,4,5,6],[0,1,2,3,4,5,6],[0,1,2,3,4,5,6],[0]],2147483648,48.94
all_reduce_perf,22,[[0,1,2,3,4,5,6,7],[0,1,2,3,4,5,6,7],[0,1,2,3,4],[0]],2147483648,48.77
all_reduce_perf,22,[[0,1,2,3,4,5,6],[0,1,2,3,4,5,6],[0,1,2,3],[0,1,2,3]],2147483648,144.56
all_reduce_perf,22,[[0,1,2,3,4,5,6,7],[0,1,2,3,4,5,6],[0,1,2,3,4],[0,1]],2147483648,93.48
all_reduce_perf,22,[[0,1,2,3,4,5,6,7],[0,1,2,3,4,5],[0,1,2,3],[0,1,2,3]],2147483648,177.01
all_reduce_perf,22,[[0,1,2,3,4,5],[0,1,2,3,4,5],[0,1,2,3,4,5],[0,1,2,3]],2147483648,177.56
all_reduce_perf,22,[[0,1,2,3,4,5],[0,1,2,3,4,5],[0,1,2,3,4],[0,1,2,3,4]],2147483648,244.11
all_reduce_perf,22,[[0,1,2,3,4,5,6],[0,1,2,3,4],[0,1,2,3,4],[0,1,2,3,4]],2147483648,242.70
all_reduce_perf,22,[[0,1,2,3,4,5,6],[0,1,2,3,4,5,6],[0,1,2,3,4,5],[0,1]],2147483648,92.83
all_reduce_perf,22,[[0,1,2,3,4,5,6,7],[0,1,2,3,4,5,6,7],[0,1,2],[0,1,2]],2147483648,97.44
all_reduce_perf,22,[[0,1,2,3,4,5,6],[0,1,2,3,4,5,6],[0,1,2,3,4],[0,1,2]],2147483648,112.58
all_reduce_perf,22,[[0,1,2,3,4,5,6,7],[0,1,2,3,4,5,6],[0,1,2,3,4,5],[0]],2147483648,48.66
all_reduce_perf,22,[[0,1,2,3,4,5,6,7],[0,1,2,3,4],[0,1,2,3,4],[0,1,2,3]],2147483648,177.24
all_reduce_perf,22,[[0,1,2,3,4,5,6,7],[0,1,2,3,4,5,6],[0,1,2,3,4,5,6],[]],2147483648,340.60
all_reduce_perf,22,[[0,1,2,3,4,5,6,7],[0,1,2,3,4,5],[0,1,2,3,4,5],[0,1]],2147483648,93.79
all_reduce_perf,22,[[0,1,2,3,4,5,6,7],[0,1,2,3,4,5,6],[0,1,2,3],[0,1,2]],2147483648,94.31
all_reduce_perf,22,[[0,1,2,3,4,5,6],[0,1,2,3,4,5],[0,1,2,3,4],[0,1,2,3]],2147483648,177.82
all_reduce_perf,22,[[0,1,2,3,4,5,6,7],[0,1,2,3,4,5],[0,1,2,3,4],[0,1,2]],2147483648,112.61
all_reduce_perf,22,[[0,1,2,3,4,5,6],[0,1,2,3,4,5],[0,1,2,3,4,5],[0,1,2]],2147483648,128.12
all_reduce_perf,22,[[0,1,2,3,4,5,6,7],[0,1,2,3,4,5,6,7],[0,1,2,3],[0,1]],2147483648,93.95
all_reduce_perf,23,[[0,1,2,3,4,5,6,7],[0,1,2,3,4,5,6,7],[0,1,2,3,4,5,6],[]],2147483648,340.12
all_reduce_perf,23,[[0,1,2,3,4,5,6,7],[0,1,2,3,4,5,6],[0,1,2,3,4,5],[0,1]],2147483648,93.52
all_reduce_perf,23,[[0,1,2,3,4,5,6,7],[0,1,2,3,4],[0,1,2,3,4],[0,1,2,3,4]],2147483648,240.39
all_reduce_perf,23,[[0,1,2,3,4,5,6,7],[0,1,2,3,4,5,6],[0,1,2,3,4],[0,1,2]],2147483648,112.46
all_reduce_perf,23,[[0,1,2,3,4,5,6],[0,1,2,3,4,5,6],[0,1,2,3,4,5],[0,1,2]],2147483648,127.80
all_reduce_perf,23,[[0,1,2,3,4,5,6,7],[0,1,2,3,4,5],[0,1,2,3,4,5],[0,1,2]],2147483648,91.14
all_reduce_perf,23,[[0,1,2,3,4,5,6,7],[0,1,2,3,4,5],[0,1,2,3,4],[0,1,2,3]],2147483648,177.78
all_reduce_perf,23,[[0,1,2,3,4,5,6],[0,1,2,3,4,5,6],[0,1,2,3,4],[0,1,2,3]],2147483648,177.85
all_reduce_perf,23,[[0,1,2,3,4,5],[0,1,2,3,4,5],[0,1,2,3,4,5],[0,1,2,3,4]],2147483648,240.25
all_reduce_perf,23,[[0,1,2,3,4,5,6,7],[0,1,2,3,4,5,6,7],[0,1,2,3],[0,1,2]],2147483648,94.37
all_reduce_perf,23,[[0,1,2,3,4,5,6,7],[0,1,2,3,4,5,6],[0,1,2,3,4,5,6],[0]],2147483648,48.40
all_reduce_perf,23,[[0,1,2,3,4,5,6,7],[0,1,2,3,4,5,6,7],[0,1,2,3,4,5],[0]],2147483648,48.66
all_reduce_perf,23,[[0,1,2,3,4,5,6],[0,1,2,3,4,5],[0,1,2,3,4,5],[0,1,2,3]],2147483648,177.84
all_reduce_perf,23,[[0,1,2,3,4,5,6],[0,1,2,3,4,5],[0,1,2,3,4],[0,1,2,3,4]],2147483648,240.54
all_reduce_perf,23,[[0,1,2,3,4,5,6],[0,1,2,3,4,5,6],[0,1,2,3,4,5,6],[0,1]],2147483648,91.99
all_reduce_perf,23,[[0,1,2,3,4,5,6,7],[0,1,2,3,4,5,6],[0,1,2,3],[0,1,2,3]],2147483648,144.89
all_reduce_perf,23,[[0,1,2,3,4,5,6,7],[0,1,2,3,4,5,6,7],[0,1,2,3,4],[0,1]],2147483648,93.04
all_reduce_perf,24,[[0,1,2,3,4,5,6,7],[0,1,2,3,4,5,6],[0,1,2,3,4,5,6],[0,1]],2147483648,93.33
all_reduce_perf,24,[[0,1,2,3,4,5,6,7],[0,1,2,3,4,5,6,7],[0,1,2,3,4,5,6,7],[]],2147483648,299.40
all_reduce_perf,24,[[0,1,2,3,4,5,6],[0,1,2,3,4,5,6],[0,1,2,3,4,5,6],[0,1,2]],2147483648,127.29
all_reduce_perf,24,[[0,1,2,3,4,5,6,7],[0,1,2,3,4,5,6,7],[0,1,2,3],[0,1,2,3]],2147483648,183.91
all_reduce_perf,24,[[0,1,2,3,4,5,6],[0,1,2,3,4,5,6],[0,1,2,3,4],[0,1,2,3,4]],2147483648,241.41
all_reduce_perf,24,[[0,1,2,3,4,5,6,7],[0,1,2,3,4,5,6],[0,1,2,3,4],[0,1,2,3]],2147483648,178.67
all_reduce_perf,24,[[0,1,2,3,4,5,6,7],[0,1,2,3,4,5,6,7],[0,1,2,3,4,5,6],[0]],2147483648,48.72
all_reduce_perf,24,[[0,1,2,3,4,5,6,7],[0,1,2,3,4,5,6],[0,1,2,3,4,5],[0,1,2]],2147483648,90.65
all_reduce_perf,24,[[0,1,2,3,4,5,6,7],[0,1,2,3,4,5],[0,1,2,3,4],[0,1,2,3,4]],2147483648,240.97
all_reduce_perf,24,[[0,1,2,3,4,5,6],[0,1,2,3,4,5],[0,1,2,3,4,5],[0,1,2,3,4]],2147483648,241.50
all_reduce_perf,24,[[0,1,2,3,4,5,6,7],[0,1,2,3,4,5,6,7],[0,1,2,3,4,5],[0,1]],2147483648,93.27
all_reduce_perf,24,[[0,1,2,3,4,5,6,7],[0,1,2,3,4,5],[0,1,2,3,4,5],[0,1,2,3]],2147483648,179.15
all_reduce_perf,24,[[0,1,2,3,4,5],[0,1,2,3,4,5],[0,1,2,3,4,5],[0,1,2,3,4,5]],2147483648,292.40
all_reduce_perf,24,[[0,1,2,3,4,5,6],[0,1,2,3,4,5,6],[0,1,2,3,4,5],[0,1,2,3]],2147483648,178.79
all_reduce_perf,24,[[0,1,2,3,4,5,6,7],[0,1,2,3,4,5,6,7],[0,1,2,3,4],[0,1,2]],2147483648,112.39
all_reduce_perf,25,[[0,1,2,3,4,5,6,7],[0,1,2,3,4,5,6,7],[0,1,2,3,4,5],[0,1,2]],2147483648,90.69
all_reduce_perf,25,[[0,1,2,3,4,5,6],[0,1,2,3,4,5],[0,1,2,3,4,5],[0,1,2,3,4,5]],2147483648,292.18
all_reduce_perf,25,[[0,1,2,3,4,5,6,7],[0,1,2,3,4,5,6,7],[0,1,2,3,4,5,6,7],[0]],2147483648,48.60
all_reduce_perf,25,[[0,1,2,3,4,5,6,7],[0,1,2,3,4,5,6,7],[0,1,2,3,4],[0,1,2,3]],2147483648,178.68
all_reduce_perf,25,[[0,1,2,3,4,5,6,7],[0,1,2,3,4,5,6],[0,1,2,3,4,5],[0,1,2,3]],2147483648,179.07
all_reduce_perf,25,[[0,1,2,3,4,5,6,7],[0,1,2,3,4,5,6],[0,1,2,3,4,5,6],[0,1,2]],2147483648,90.56
all_reduce_perf,25,[[0,1,2,3,4,5,6],[0,1,2,3,4,5,6],[0,1,2,3,4,5],[0,1,2,3,4]],2147483648,239.37
all_reduce_perf,25,[[0,1,2,3,4,5,6,7],[0,1,2,3,4,5,6,7],[0,1,2,3,4,5,6],[0,1]],2147483648,93.14
all_reduce_perf,25,[[0,1,2,3,4,5,6,7],[0,1,2,3,4,5],[0,1,2,3,4,5],[0,1,2,3,4]],2147483648,237.76
all_reduce_perf,25,[[0,1,2,3,4,5,6],[0,1,2,3,4,5,6],[0,1,2,3,4,5,6],[0,1,2,3]],2147483648,152.21
all_reduce_perf,25,[[0,1,2,3,4,5,6,7],[0,1,2,3,4,5,6],[0,1,2,3,4],[0,1,2,3,4]],2147483648,237.75
all_reduce_perf,26,[[0,1,2,3,4,5,6,7],[0,1,2,3,4,5,6],[0,1,2,3,4,5],[0,1,2,3,4]],2147483648,244.56
all_reduce_perf,26,[[0,1,2,3,4,5,6],[0,1,2,3,4,5,6],[0,1,2,3,4,5,6],[0,1,2,3,4]],2147483648,244.62
all_reduce_perf,26,[[0,1,2,3,4,5,6,7],[0,1,2,3,4,5,6,7],[0,1,2,3,4],[0,1,2,3,4]],2147483648,244.23
all_reduce_perf,26,[[0,1,2,3,4,5,6,7],[0,1,2,3,4,5,6],[0,1,2,3,4,5,6],[0,1,2,3]],2147483648,151.67
all_reduce_perf,26,[[0,1,2,3,4,5,6,7],[0,1,2,3,4,5,6,7],[0,1,2,3,4,5,6,7],[0,1]],2147483648,89.37
all_reduce_perf,26,[[0,1,2,3,4,5,6,7],[0,1,2,3,4,5,6,7],[0,1,2,3,4,5,6],[0,1,2]],2147483648,90.13
all_reduce_perf,26,[[0,1,2,3,4,5,6,7],[0,1,2,3,4,5],[0,1,2,3,4,5],[0,1,2,3,4,5]],2147483648,292.47
all_reduce_perf,26,[[0,1,2,3,4,5,6,7],[0,1,2,3,4,5,6,7],[0,1,2,3,4,5],[0,1,2,3]],2147483648,179.64
all_reduce_perf,26,[[0,1,2,3,4,5,6],[0,1,2,3,4,5,6],[0,1,2,3,4,5],[0,1,2,3,4,5]],2147483648,292.63
all_reduce_perf,27,[[0,1,2,3,4,5,6,7],[0,1,2,3,4,5,6,7],[0,1,2,3,4,5,6],[0,1,2,3]],2147483648,151.35
all_reduce_perf,27,[[0,1,2,3,4,5,6,7],[0,1,2,3,4,5,6],[0,1,2,3,4,5,6],[0,1,2,3,4]],2147483648,244.20
all_reduce_perf,27,[[0,1,2,3,4,5,6,7],[0,1,2,3,4,5,6],[0,1,2,3,4,5],[0,1,2,3,4,5]],2147483648,292.69
all_reduce_perf,27,[[0,1,2,3,4,5,6],[0,1,2,3,4,5,6],[0,1,2,3,4,5,6],[0,1,2,3,4,5]],2147483648,292.48
all_reduce_perf,27,[[0,1,2,3,4,5,6,7],[0,1,2,3,4,5,6,7],[0,1,2,3,4,5,6,7],[0,1,2]],2147483648,89.60
all_reduce_perf,27,[[0,1,2,3,4,5,6,7],[0,1,2,3,4,5,6,7],[0,1,2,3,4,5],[0,1,2,3,4]],2147483648,244.39
all_reduce_perf,28,[[0,1,2,3,4,5,6,7],[0,1,2,3,4,5,6,7],[0,1,2,3,4,5],[0,1,2,3,4,5]],2147483648,292.77
all_reduce_perf,28,[[0,1,2,3,4,5,6,7],[0,1,2,3,4,5,6],[0,1,2,3,4,5,6],[0,1,2,3,4,5]],2147483648,292.56
all_reduce_perf,28,[[0,1,2,3,4,5,6],[0,1,2,3,4,5,6],[0,1,2,3,4,5,6],[0,1,2,3,4,5,6]],2147483648,331.39
all_reduce_perf,28,[[0,1,2,3,4,5,6,7],[0,1,2,3,4,5,6,7],[0,1,2,3,4,5,6],[0,1,2,3,4]],2147483648,244.28
all_reduce_perf,28,[[0,1,2,3,4,5,6,7],[0,1,2,3,4,5,6,7],[0,1,2,3,4,5,6,7],[0,1,2,3]],2147483648,173.49
all_reduce_perf,29,[[0,1,2,3,4,5,6,7],[0,1,2,3,4,5,6,7],[0,1,2,3,4,5,6,7],[0,1,2,3,4]],2147483648,243.50
all_reduce_perf,29,[[0,1,2,3,4,5,6,7],[0,1,2,3,4,5,6],[0,1,2,3,4,5,6],[0,1,2,3,4,5,6]],2147483648,332.59
all_reduce_perf,29,[[0,1,2,3,4,5,6,7],[0,1,2,3,4,5,6,7],[0,1,2,3,4,5,6],[0,1,2,3,4,5]],2147483648,292.57
all_reduce_perf,30,[[0,1,2,3,4,5,6,7],[0,1,2,3,4,5,6,7],[0,1,2,3,4,5,6,7],[0,1,2,3,4,5]],2147483648,290.50
all_reduce_perf,30,[[0,1,2,3,4,5,6,7],[0,1,2,3,4,5,6,7],[0,1,2,3,4,5,6],[0,1,2,3,4,5,6]],2147483648,327.57
all_reduce_perf,31,[[0,1,2,3,4,5,6,7],[0,1,2,3,4,5,6,7],[0,1,2,3,4,5,6,7],[0,1,2,3,4,5,6]],2147483648,328.02
all_reduce_perf,32,[[0,1,2,3,4,5,6,7],[0,1,2,3,4,5,6,7],[0,1,2,3,4,5,6,7],[0,1,2,3,4,5,6,7]],2147483648,316.63