OP,Total_GPU_Count,GPU_Mapping_Across_Nodes,data_size(B),Bandwidth(GB/s)
all_reduce_perf,2,[[0,1],[],[],[]],16777216,204.92
all_reduce_perf,2,[[0],[0],[],[]],16777216,38.47
all_reduce_perf,3,[[0,1],[0],[],[]],16777216,41.62
all_reduce_perf,3,[[0,1,2],[],[],[]],16777216,234.81
all_reduce_perf,3,[[0],[0],[0],[]],16777216,40.27
all_reduce_perf,4,[[0,1],[0],[0],[]],16777216,40.83
all_reduce_perf,4,[[0,1],[0,1],[],[]],16777216,77.34
all_reduce_perf,4,[[0],[0],[0],[0]],16777216,40.46
all_reduce_perf,4,[[0,1,2,3],[],[],[]],16777216,244.70
all_reduce_perf,4,[[0,1,2],[0],[],[]],16777216,41.96
all_reduce_perf,5,[[0,1,2],[0],[0],[]],16777216,39.04
all_reduce_perf,5,[[0,1,2],[0,1],[],[]],16777216,67.23
all_reduce_perf,5,[[0,1],[0],[0],[0]],16777216,40.03
all_reduce_perf,5,[[0,1],[0,1],[0],[]],16777216,41.18
all_reduce_perf,5,[[0,1,2,3],[0],[],[]],16777216,38.26
all_reduce_perf,5,[[0,1,2,3,4],[],[],[]],16777216,230.54
all_reduce_perf,6,[[0,1,2,3,4,5],[],[],[]],16777216,232.24
all_reduce_perf,6,[[0,1],[0,1],[0,1],[]],16777216,76.29
all_reduce_perf,6,[[0,1],[0,1],[0],[0]],16777216,38.71
all_reduce_perf,6,[[0,1,2],[0,1],[0],[]],16777216,39.82
all_reduce_perf,6,[[0,1,2,3,4],[0],[],[]],16777216,39.38
all_reduce_perf,6,[[0,1,2],[0],[0],[0]],16777216,38.04
all_reduce_perf,6,[[0,1,2],[0,1,2],[],[]],16777216,113.87
all_reduce_perf,6,[[0,1,2,3],[0],[0],[]],16777216,38.97
all_reduce_perf,6,[[0,1,2,3],[0,1],[],[]],16777216,71.27
all_reduce_perf,7,[[0,1,2,3],[0,1],[0],[]],16777216,37.48
all_reduce_perf,7,[[0,1,2,3,4,5],[0],[],[]],16777216,40.49
all_reduce_perf,7,[[0,1,2],[0,1],[0,1],[]],16777216,56.58
all_reduce_perf,7,[[0,1,2],[0,1],[0],[0]],16777216,36.70
all_reduce_perf,7,[[0,1,2,3,4,5,6],[],[],[]],16777216,236.50
all_reduce_perf,7,[[0,1,2,3,4],[0],[0],[]],16777216,36.96
all_reduce_perf,7,[[0,1,2,3,4],[0,1],[],[]],16777216,74.92
all_reduce_perf,7,[[0,1],[0,1],[0,1],[0]],16777216,36.95
all_reduce_perf,7,[[0,1,2,3],[0,1,2],[],[]],16777216,119.71
all_reduce_perf,7,[[0,1,2,3],[0],[0],[0]],16777216,36.67
all_reduce_perf,7,[[0,1,2],[0,1,2],[0],[]],16777216,38.12
all_reduce_perf,8,[[0,1,2,3],[0,1],[0],[0]],16777216,42.12
all_reduce_perf,8,[[0,1,2,3,4,5],[0],[0],[]],16777216,41.80
all_reduce_perf,8,[[0,1,2,3,4,5],[0,1],[],[]],16777216,74.01
all_reduce_perf,8,[[0,1,2],[0,1],[0,1],[0]],16777216,43.13
all_reduce_perf,8,[[0,1,2,3,4],[0],[0],[0]],16777216,41.14
all_reduce_perf,8,[[0,1,2,3,4,5,6,7],[],[],[]],16777216,236.84
all_reduce_perf,8,[[0,1,2,3,4],[0,1,2],[],[]],16777216,129.88
all_reduce_perf,8,[[0,1,2,3],[0,1,2],[0],[]],16777216,43.82
all_reduce_perf,8,[[0,1,2,3,4,5,6],[0],[],[]],16777216,40.79
all_reduce_perf,8,[[0,1,2],[0,1,2],[0,1],[]],16777216,54.96
all_reduce_perf,8,[[0,1,2],[0,1,2],[0],[0]],16777216,38.84
all_reduce_perf,8,[[0,1,2,3],[0,1,2,3],[],[]],16777216,142.43
all_reduce_perf,8,[[0,1],[0,1],[0,1],[0,1]],16777216,77.69
all_reduce_perf,8,[[0,1,2,3,4],[0,1],[0],[]],16777216,43.17
all_reduce_perf,8,[[0,1,2,3],[0,1],[0,1],[]],16777216,74.48
all_reduce_perf,9,[[0,1,2,3,4,5],[0],[0],[0]],16777216,39.91
all_reduce_perf,9,[[0,1,2,3],[0,1,2,3],[0],[]],16777216,41.90
all_reduce_perf,9,[[0,1,2,3,4,5],[0,1,2],[],[]],16777216,119.12
all_reduce_perf,9,[[0,1,2,3,4,5,6],[0],[0],[]],16777216,41.05
all_reduce_perf,9,[[0,1,2,3,4,5,6],[0,1],[],[]],16777216,73.55
all_reduce_perf,9,[[0,1,2],[0,1,2],[0,1,2],[]],16777216,102.54
all_reduce_perf,9,[[0,1,2],[0,1],[0,1],[0,1]],16777216,70.65
all_reduce_perf,9,[[0,1,2],[0,1,2],[0,1],[0]],16777216,42.86
all_reduce_perf,9,[[0,1,2,3],[0,1],[0,1],[0]],16777216,43.10
all_reduce_perf,9,[[0,1,2,3,4,5,6,7],[0],[],[]],16777216,40.87
all_reduce_perf,9,[[0,1,2,3,4],[0,1],[0],[0]],16777216,41.65
all_reduce_perf,9,[[0,1,2,3],[0,1,2],[0,1],[]],16777216,68.94
all_reduce_perf,9,[[0,1,2,3,4],[0,1,2],[0],[]],16777216,43.03
all_reduce_perf,9,[[0,1,2,3],[0,1,2],[0],[0]],16777216,41.59
all_reduce_perf,9,[[0,1,2,3,4,5],[0,1],[0],[]],16777216,42.58
all_reduce_perf,9,[[0,1,2,3,4],[0,1,2,3],[],[]],16777216,139.63
all_reduce_perf,9,[[0,1,2,3,4],[0,1],[0,1],[]],16777216,72.53
all_reduce_perf,10,[[0,1,2],[0,1,2],[0,1,2],[0]],16777216,42.95
all_reduce_perf,10,[[0,1,2,3,4,5],[0,1,2],[0],[]],16777216,42.16
all_reduce_perf,10,[[0,1,2,3,4,5,6],[0],[0],[0]],16777216,40.90
all_reduce_perf,10,[[0,1,2],[0,1,2],[0,1],[0,1]],16777216,70.41
all_reduce_perf,10,[[0,1,2,3,4,5,6],[0,1],[0],[]],16777216,41.06
all_reduce_perf,10,[[0,1,2,3,4],[0,1,2],[0,1],[]],16777216,69.94
all_reduce_perf,10,[[0,1,2,3,4],[0,1],[0,1],[0]],16777216,42.21
all_reduce_perf,10,[[0,1,2,3],[0,1,2,3],[0,1],[]],16777216,73.76
all_reduce_perf,10,[[0,1,2,3],[0,1,2],[0,1,2],[]],16777216,90.88
all_reduce_perf,10,[[0,1,2,3,4,5],[0,1],[0,1],[]],16777216,69.03
all_reduce_perf,10,[[0,1,2,3],[0,1],[0,1],[0,1]],16777216,70.73
all_reduce_perf,10,[[0,1,2,3,4,5,6],[0,1,2],[],[]],16777216,124.10
all_reduce_perf,10,[[0,1,2,3,4,5],[0,1,2,3],[],[]],16777216,142.12
all_reduce_perf,10,[[0,1,2,3,4],[0,1,2,3,4],[],[]],16777216,138.27
all_reduce_perf,10,[[0,1,2,3,4,5,6,7],[0],[0],[]],16777216,39.33
all_reduce_perf,10,[[0,1,2,3,4],[0,1,2],[0],[0]],16777216,41.65
all_reduce_perf,10,[[0,1,2,3],[0,1,2],[0,1],[0]],16777216,41.75
all_reduce_perf,10,[[0,1,2,3],[0,1,2,3],[0],[0]],16777216,40.47
all_reduce_perf,10,[[0,1,2,3,4,5,6,7],[0,1],[],[]],16777216,75.11
all_reduce_perf,10,[[0,1,2,3,4,5,6,7],[0],[0],[]],16777216,39.84
all_reduce_perf,10,[[0,1,2,3,4,5,6],[0],[0],[0]],16777216,39.90
all_reduce_perf,10,[[0,1,2],[0,1,2],[0,1,2],[0]],16777216,42.36
all_reduce_perf,10,[[0,1,2,3,4],[0,1,2],[0],[0]],16777216,40.61
all_reduce_perf,10,[[0,1,2,3,4],[0,1,2,3],[0],[]],16777216,43.02
all_reduce_perf,10,[[0,1,2,3,4,5],[0,1],[0,1],[]],16777216,68.15
all_reduce_perf,10,[[0,1,2,3,4],[0,1],[0,1],[0]],16777216,42.54
all_reduce_perf,10,[[0,1,2,3],[0,1,2],[0,1],[0]],16777216,42.79
all_reduce_perf,10,[[0,1,2,3],[0,1,2,3],[0],[0]],16777216,39.82
all_reduce_perf,10,[[0,1,2,3,4],[0,1,2,3,4],[],[]],16777216,138.46
all_reduce_perf,10,[[0,1,2,3],[0,1],[0,1],[0,1]],16777216,70.41
all_reduce_perf,10,[[0,1,2,3,4,5,6],[0,1,2],[],[]],16777216,123.41
all_reduce_perf,10,[[0,1,2,3,4],[0,1,2],[0,1],[]],16777216,69.56
all_reduce_perf,10,[[0,1,2,3,4,5,6],[0,1],[0],[]],16777216,41.96
all_reduce_perf,10,[[0,1,2,3,4,5],[0,1,2],[0],[]],16777216,41.74
all_reduce_perf,10,[[0,1,2,3,4,5],[0,1,2,3],[],[]],16777216,140.19
all_reduce_perf,10,[[0,1,2,3,4,5,6,7],[0,1],[],[]],16777216,65.10
all_reduce_perf,10,[[0,1,2,3,4,5],[0,1],[0],[0]],16777216,41.09
all_reduce_perf,10,[[0,1,2,3],[0,1,2,3],[0,1],[]],16777216,73.35
all_reduce_perf,10,[[0,1,2,3],[0,1,2],[0,1,2],[]],16777216,88.96
all_reduce_perf,10,[[0,1,2],[0,1,2],[0,1],[0,1]],16777216,68.47
all_reduce_perf,11,[[0,1,2,3,4,5,6],[0,1],[0,1],[]],16777216,69.98
all_reduce_perf,11,[[0,1,2,3,4],[0,1,2,3,4],[0],[]],16777216,42.07
all_reduce_perf,11,[[0,1,2,3],[0,1,2,3],[0,1],[0]],16777216,41.22
all_reduce_perf,11,[[0,1,2,3,4,5],[0,1,2],[0,1],[]],16777216,67.80
all_reduce_perf,11,[[0,1,2,3,4,5,6,7],[0],[0],[0]],16777216,39.14
all_reduce_perf,11,[[0,1,2,3,4],[0,1,2,3],[0,1],[]],16777216,73.06
all_reduce_perf,11,[[0,1,2,3,4,5,6],[0,1,2],[0],[]],16777216,41.32
all_reduce_perf,11,[[0,1,2,3,4,5,6],[0,1,2,3],[],[]],16777216,149.55
all_reduce_perf,11,[[0,1,2,3,4],[0,1],[0,1],[0,1]],16777216,66.90
all_reduce_perf,11,[[0,1,2,3],[0,1,2],[0,1],[0,1]],16777216,66.38
all_reduce_perf,11,[[0,1,2,3],[0,1,2],[0,1,2],[0]],16777216,41.72
all_reduce_perf,11,[[0,1,2,3,4,5],[0,1],[0,1],[0]],16777216,41.59
all_reduce_perf,11,[[0,1,2,3,4],[0,1,2],[0,1,2],[]],16777216,72.42
all_reduce_perf,11,[[0,1,2,3,4,5,6],[0,1],[0],[0]],16777216,37.76
all_reduce_perf,11,[[0,1,2],[0,1,2],[0,1,2],[0,1]],16777216,68.96
all_reduce_perf,11,[[0,1,2,3,4,5],[0,1,2],[0],[0]],16777216,40.63
all_reduce_perf,11,[[0,1,2,3],[0,1,2,3],[0,1,2],[]],16777216,90.71
all_reduce_perf,11,[[0,1,2,3,4,5],[0,1,2,3],[0],[]],16777216,42.19
all_reduce_perf,11,[[0,1,2,3,4],[0,1,2,3],[0],[0]],16777216,38.89
all_reduce_perf,11,[[0,1,2,3,4,5,6,7],[0,1,2],[],[]],16777216,132.28
all_reduce_perf,11,[[0,1,2,3,4,5],[0,1,2,3,4],[],[]],16777216,136.27
all_reduce_perf,11,[[0,1,2,3,4,5,6,7],[0,1],[0],[]],16777216,41.68
all_reduce_perf,11,[[0,1,2,3,4],[0,1,2],[0,1],[0]],16777216,42.55
all_reduce_perf,12,[[0,1,2,3,4,5],[0,1],[0,1],[0,1]],16777216,67.22
all_reduce_perf,12,[[0,1,2],[0,1,2],[0,1,2],[0,1,2]],16777216,85.92
all_reduce_perf,12,[[0,1,2,3],[0,1,2,3],[0,1,2,3],[]],16777216,104.04
all_reduce_perf,12,[[0,1,2,3,4,5,6,7],[0,1],[0,1],[]],16777216,64.77
all_reduce_perf,12,[[0,1,2,3,4],[0,1,2,3,4],[0,1],[]],16777216,70.85
all_reduce_perf,12,[[0,1,2,3,4],[0,1,2,3],[0,1],[0]],16777216,34.46
all_reduce_perf,12,[[0,1,2,3,4,5],[0,1,2],[0,1,2],[]],16777216,86.06
all_reduce_perf,12,[[0,1,2,3],[0,1,2,3],[0,1],[0,1]],16777216,52.92
all_reduce_perf,12,[[0,1,2,3],[0,1,2,3],[0,1,2],[0]],16777216,41.63
all_reduce_perf,12,[[0,1,2,3,4,5],[0,1,2,3,4],[0],[]],16777216,42.49
all_reduce_perf,12,[[0,1,2,3,4,5],[0,1,2,3],[0,1],[]],16777216,71.92
all_reduce_perf,12,[[0,1,2,3,4,5,6,7],[0,1,2,3],[],[]],16777216,141.27
all_reduce_perf,12,[[0,1,2,3,4,5,6],[0,1,2],[0],[0]],16777216,36.80
all_reduce_perf,12,[[0,1,2,3,4,5,6,7],[0,1,2],[0],[]],16777216,40.94
all_reduce_perf,12,[[0,1,2,3,4,5,6],[0,1,2,3],[0],[]],16777216,41.65
all_reduce_perf,12,[[0,1,2,3,4],[0,1,2,3,4],[0],[0]],16777216,38.94
all_reduce_perf,12,[[0,1,2,3,4,5,6,7],[0,1],[0],[0]],16777216,38.74
all_reduce_perf,12,[[0,1,2,3,4,5],[0,1,2],[0,1],[0]],16777216,41.97
all_reduce_perf,12,[[0,1,2,3,4],[0,1,2,3],[0,1,2],[]],16777216,79.78
all_reduce_perf,12,[[0,1,2,3,4,5,6],[0,1],[0,1],[0]],16777216,41.88
all_reduce_perf,12,[[0,1,2,3],[0,1,2],[0,1,2],[0,1]],16777216,69.79
all_reduce_perf,12,[[0,1,2,3,4],[0,1,2],[0,1,2],[0]],16777216,34.38
all_reduce_perf,12,[[0,1,2,3,4,5,6],[0,1,2,3,4],[],[]],16777216,135.96
all_reduce_perf,12,[[0,1,2,3,4],[0,1,2],[0,1],[0,1]],16777216,65.99
all_reduce_perf,12,[[0,1,2,3,4,5],[0,1,2,3],[0],[0]],16777216,39.92
all_reduce_perf,12,[[0,1,2,3,4,5],[0,1,2,3,4,5],[],[]],16777216,139.05
all_reduce_perf,12,[[0,1,2,3,4,5,6],[0,1,2],[0,1],[]],16777216,68.53
all_reduce_perf,13,[[0,1,2,3,4,5,6,7],[0,1,2,3,4],[],[]],16777216,144.73
all_reduce_perf,13,[[0,1,2,3,4,5],[0,1,2,3,4,5],[0],[]],16777216,39.50
all_reduce_perf,13,[[0,1,2,3,4,5,6,7],[0,1,2],[0,1],[]],16777216,62.16
all_reduce_perf,13,[[0,1,2,3,4],[0,1,2],[0,1,2],[0,1]],16777216,68.37
all_reduce_perf,13,[[0,1,2,3,4],[0,1,2,3],[0,1],[0,1]],16777216,66.17
all_reduce_perf,13,[[0,1,2,3,4,5,6],[0,1,2,3],[0],[0]],16777216,38.70
all_reduce_perf,13,[[0,1,2,3,4],[0,1,2,3],[0,1,2],[0]],16777216,40.76
all_reduce_perf,13,[[0,1,2,3,4,5,6],[0,1,2,3,4,5],[],[]],16777216,152.90
all_reduce_perf,13,[[0,1,2,3,4],[0,1,2,3,4],[0,1],[0]],16777216,40.96
all_reduce_perf,13,[[0,1,2,3,4,5],[0,1,2,3,4],[0,1],[]],16777216,70.37
all_reduce_perf,13,[[0,1,2,3,4,5,6],[0,1,2],[0,1],[0]],16777216,41.25
all_reduce_perf,13,[[0,1,2,3,4,5],[0,1,2,3],[0,1,2],[]],16777216,80.75
all_reduce_perf,13,[[0,1,2,3],[0,1,2,3],[0,1,2],[0,1]],16777216,42.60
all_reduce_perf,13,[[0,1,2,3,4,5],[0,1,2],[0,1],[0,1]],16777216,64.52
all_reduce_perf,13,[[0,1,2,3,4,5],[0,1,2],[0,1,2],[0]],16777216,42.11
all_reduce_perf,13,[[0,1,2,3,4,5,6,7],[0,1],[0,1],[0]],16777216,41.02
all_reduce_perf,13,[[0,1,2,3,4,5,6,7],[0,1,2],[0],[0]],16777216,39.01
all_reduce_perf,13,[[0,1,2,3],[0,1,2],[0,1,2],[0,1,2]],16777216,78.40
all_reduce_perf,13,[[0,1,2,3,4,5,6],[0,1,2,3,4],[0],[]],16777216,40.11
all_reduce_perf,13,[[0,1,2,3,4,5,6],[0,1,2,3],[0,1],[]],16777216,72.66
all_reduce_perf,13,[[0,1,2,3,4,5,6],[0,1],[0,1],[0,1]],16777216,65.15
all_reduce_perf,13,[[0,1,2,3],[0,1,2,3],[0,1,2,3],[0]],16777216,40.03
all_reduce_perf,13,[[0,1,2,3,4,5],[0,1,2,3],[0,1],[0]],16777216,40.80
all_reduce_perf,13,[[0,1,2,3,4,5],[0,1,2,3,4],[0],[0]],16777216,38.70
all_reduce_perf,13,[[0,1,2,3,4,5,6,7],[0,1,2,3],[0],[]],16777216,41.25
all_reduce_perf,13,[[0,1,2,3,4],[0,1,2,3,4],[0,1,2],[]],16777216,90.46
all_reduce_perf,13,[[0,1,2,3,4,5,6],[0,1,2],[0,1,2],[]],16777216,82.16
all_reduce_perf,13,[[0,1,2,3,4],[0,1,2,3],[0,1,2,3],[]],16777216,96.58
all_reduce_perf,14,[[0,1,2,3,4,5],[0,1,2,3],[0,1],[0,1]],16777216,65.06
all_reduce_perf,14,[[0,1,2,3,4],[0,1,2],[0,1,2],[0,1,2]],16777216,70.04
all_reduce_perf,14,[[0,1,2,3,4],[0,1,2,3],[0,1,2,3],[0]],16777216,39.66
all_reduce_perf,14,[[0,1,2,3,4,5,6],[0,1,2,3,4],[0,1],[]],16777216,68.84
all_reduce_perf,14,[[0,1,2,3,4,5,6,7],[0,1],[0,1],[0,1]],16777216,66.41
all_reduce_perf,14,[[0,1,2,3],[0,1,2,3],[0,1,2,3],[0,1]],16777216,69.40
all_reduce_perf,14,[[0,1,2,3,4,5,6,7],[0,1,2],[0,1],[0]],16777216,41.33
all_reduce_perf,14,[[0,1,2,3,4],[0,1,2,3,4],[0,1,2,3],[]],16777216,95.09
all_reduce_perf,14,[[0,1,2,3,4,5,6],[0,1,2],[0,1,2],[0]],16777216,40.48
all_reduce_perf,14,[[0,1,2,3,4,5,6],[0,1,2],[0,1],[0,1]],16777216,63.95
all_reduce_perf,14,[[0,1,2,3,4,5,6],[0,1,2,3,4,5,6],[],[]],16777216,142.15
all_reduce_perf,14,[[0,1,2,3,4,5,6],[0,1,2,3],[0,1,2],[]],16777216,77.23
all_reduce_perf,14,[[0,1,2,3,4,5],[0,1,2,3,4,5],[0,1],[]],16777216,68.02
all_reduce_perf,14,[[0,1,2,3,4,5],[0,1,2,3,4],[0,1],[0]],16777216,40.81
all_reduce_perf,14,[[0,1,2,3,4],[0,1,2,3,4],[0,1],[0,1]],16777216,65.91
all_reduce_perf,14,[[0,1,2,3,4,5],[0,1,2],[0,1,2],[0,1]],16777216,66.29
all_reduce_perf,14,[[0,1,2,3,4],[0,1,2,3,4],[0,1,2],[0]],16777216,40.06
all_reduce_perf,14,[[0,1,2,3,4,5,6,7],[0,1,2,3],[0],[0]],16777216,38.33
all_reduce_perf,14,[[0,1,2,3,4,5,6,7],[0,1,2,3,4,5],[],[]],16777216,148.44
all_reduce_perf,14,[[0,1,2,3,4,5,6],[0,1,2,3,4],[0],[0]],16777216,38.68
all_reduce_perf,14,[[0,1,2,3,4],[0,1,2,3],[0,1,2],[0,1]],16777216,63.88
all_reduce_perf,14,[[0,1,2,3,4,5],[0,1,2,3],[0,1,2,3],[]],16777216,97.32
all_reduce_perf,14,[[0,1,2,3,4,5,6],[0,1,2,3,4,5],[0],[]],16777216,39.51
all_reduce_perf,14,[[0,1,2,3,4,5,6],[0,1,2,3],[0,1],[0]],16777216,40.63
all_reduce_perf,14,[[0,1,2,3,4,5,6,7],[0,1,2],[0,1,2],[]],16777216,71.94
all_reduce_perf,14,[[0,1,2,3,4,5],[0,1,2,3,4,5],[0],[0]],16777216,38.05
all_reduce_perf,14,[[0,1,2,3,4,5],[0,1,2,3],[0,1,2],[0]],16777216,40.65
all_reduce_perf,14,[[0,1,2,3],[0,1,2,3],[0,1,2],[0,1,2]],16777216,75.20
all_reduce_perf,14,[[0,1,2,3,4,5],[0,1,2,3,4],[0,1,2],[]],16777216,85.11
all_reduce_perf,14,[[0,1,2,3,4,5,6,7],[0,1,2,3,4],[0],[]],16777216,40.70
all_reduce_perf,14,[[0,1,2,3,4,5,6,7],[0,1,2,3],[0,1],[]],16777216,70.38
all_reduce_perf,15,[[0,1,2,3,4,5],[0,1,2,3,4],[0,1,2,3],[]],16777216,94.52
all_reduce_perf,15,[[0,1,2,3,4,5],[0,1,2],[0,1,2],[0,1,2]],16777216,72.98
all_reduce_perf,15,[[0,1,2,3,4],[0,1,2,3,4],[0,1,2,3,4],[]],16777216,92.45
all_reduce_perf,15,[[0,1,2,3,4,5],[0,1,2,3],[0,1,2,3],[0]],16777216,40.60
all_reduce_perf,15,[[0,1,2,3,4,5,6],[0,1,2,3,4],[0,1],[0]],16777216,36.66
all_reduce_perf,15,[[0,1,2,3,4],[0,1,2,3],[0,1,2],[0,1,2]],16777216,72.15
all_reduce_perf,15,[[0,1,2,3,4,5,6],[0,1,2,3,4,5],[0],[0]],16777216,37.54
all_reduce_perf,15,[[0,1,2,3,4,5,6],[0,1,2,3],[0,1],[0,1]],16777216,67.37
all_reduce_perf,15,[[0,1,2,3,4,5,6],[0,1,2,3],[0,1,2],[0]],16777216,39.45
all_reduce_perf,15,[[0,1,2,3,4,5],[0,1,2,3,4],[0,1],[0,1]],16777216,69.01
all_reduce_perf,15,[[0,1,2,3],[0,1,2,3],[0,1,2,3],[0,1,2]],16777216,75.10
all_reduce_perf,15,[[0,1,2,3,4,5,6,7],[0,1,2,3,4],[0,1],[]],16777216,67.58
all_reduce_perf,15,[[0,1,2,3,4,5],[0,1,2,3,4,5],[0,1,2],[]],16777216,76.36
all_reduce_perf,15,[[0,1,2,3,4,5,6,7],[0,1,2,3],[0,1,2],[]],16777216,75.00
all_reduce_perf,15,[[0,1,2,3,4,5],[0,1,2,3,4],[0,1,2],[0]],16777216,39.97
all_reduce_perf,15,[[0,1,2,3,4],[0,1,2,3,4],[0,1,2],[0,1]],16777216,63.54
all_reduce_perf,15,[[0,1,2,3,4,5,6],[0,1,2],[0,1,2],[0,1]],16777216,66.88
all_reduce_perf,15,[[0,1,2,3,4,5,6,7],[0,1,2,3,4,5,6],[],[]],16777216,141.23
all_reduce_perf,15,[[0,1,2,3,4,5,6,7],[0,1,2],[0,1],[0,1]],16777216,62.24
all_reduce_perf,15,[[0,1,2,3,4,5],[0,1,2,3],[0,1,2],[0,1]],16777216,51.73
all_reduce_perf,15,[[0,1,2,3,4,5,6],[0,1,2,3,4,5],[0,1],[]],16777216,67.67
all_reduce_perf,15,[[0,1,2,3,4,5,6,7],[0,1,2],[0,1,2],[0]],16777216,40.27
all_reduce_perf,15,[[0,1,2,3,4,5],[0,1,2,3,4,5],[0,1],[0]],16777216,39.38
all_reduce_perf,15,[[0,1,2,3,4],[0,1,2,3],[0,1,2,3],[0,1]],16777216,67.51
all_reduce_perf,15,[[0,1,2,3,4,5,6,7],[0,1,2,3],[0,1],[0]],16777216,40.98
all_reduce_perf,15,[[0,1,2,3,4,5,6],[0,1,2,3,4],[0,1,2],[]],16777216,80.96
all_reduce_perf,15,[[0,1,2,3,4,5,6,7],[0,1,2,3,4],[0],[0]],16777216,35.47
all_reduce_perf,15,[[0,1,2,3,4,5,6,7],[0,1,2,3,4,5],[0],[]],16777216,39.85
all_reduce_perf,15,[[0,1,2,3,4,5,6],[0,1,2,3,4,5,6],[0],[]],16777216,40.28
all_reduce_perf,15,[[0,1,2,3,4],[0,1,2,3,4],[0,1,2,3],[0]],16777216,33.42
all_reduce_perf,15,[[0,1,2,3,4,5,6],[0,1,2,3],[0,1,2,3],[]],16777216,97.96
all_reduce_perf,16,[[0,1,2,3,4,5,6,7],[0,1,2],[0,1,2],[0,1]],16777216,52.65
all_reduce_perf,16,[[0,1,2,3,4,5],[0,1,2,3],[0,1,2,3],[0,1]],16777216,66.73
all_reduce_perf,16,[[0,1,2,3,4,5],[0,1,2,3,4,5],[0,1,2],[0]],16777216,39.41
all_reduce_perf,16,[[0,1,2,3,4,5,6],[0,1,2,3,4,5,6],[0],[0]],16777216,37.52
all_reduce_perf,16,[[0,1,2,3,4,5,6],[0,1,2,3,4,5],[0,1,2],[]],16777216,71.48
all_reduce_perf,16,[[0,1,2,3,4,5],[0,1,2,3,4,5],[0,1],[0,1]],16777216,67.40
all_reduce_perf,16,[[0,1,2,3,4,5,6],[0,1,2],[0,1,2],[0,1,2]],16777216,66.14
all_reduce_perf,16,[[0,1,2,3,4],[0,1,2,3,4],[0,1,2],[0,1,2]],16777216,68.58
all_reduce_perf,16,[[0,1,2,3,4,5,6,7],[0,1,2,3,4],[0,1],[0]],16777216,40.29
all_reduce_perf,16,[[0,1,2,3],[0,1,2,3],[0,1,2,3],[0,1,2,3]],16777216,79.29
all_reduce_perf,16,[[0,1,2,3,4,5],[0,1,2,3,4],[0,1,2,3],[0]],16777216,38.71
all_reduce_perf,16,[[0,1,2,3,4],[0,1,2,3,4],[0,1,2,3],[0,1]],16777216,64.31
all_reduce_perf,16,[[0,1,2,3,4,5,6,7],[0,1,2,3,4,5],[0],[0]],16777216,37.49
all_reduce_perf,16,[[0,1,2,3,4],[0,1,2,3,4],[0,1,2,3,4],[0]],16777216,39.77
all_reduce_perf,16,[[0,1,2,3,4,5,6],[0,1,2,3],[0,1,2,3],[0]],16777216,38.48
all_reduce_perf,16,[[0,1,2,3,4,5],[0,1,2,3,4],[0,1,2,3,4],[]],16777216,96.60
all_reduce_perf,16,[[0,1,2,3,4,5,6],[0,1,2,3,4,5],[0,1],[0]],16777216,39.07
all_reduce_perf,16,[[0,1,2,3,4,5,6,7],[0,1,2,3],[0,1,2,3],[]],16777216,79.63
all_reduce_perf,16,[[0,1,2,3,4,5,6],[0,1,2,3,4,5,6],[0,1],[]],16777216,65.63
all_reduce_perf,16,[[0,1,2,3,4,5,6],[0,1,2,3,4],[0,1,2,3],[]],16777216,93.36
all_reduce_perf,16,[[0,1,2,3,4,5,6,7],[0,1,2,3,4,5,6,7],[],[]],16777216,152.08
all_reduce_perf,16,[[0,1,2,3,4,5,6],[0,1,2,3],[0,1,2],[0,1]],16777216,61.00
all_reduce_perf,16,[[0,1,2,3,4,5,6],[0,1,2,3,4],[0,1],[0,1]],16777216,66.19
all_reduce_perf,16,[[0,1,2,3,4,5],[0,1,2,3,4,5],[0,1,2,3],[]],16777216,95.02
all_reduce_perf,16,[[0,1,2,3,4,5],[0,1,2,3,4],[0,1,2],[0,1]],16777216,43.36
all_reduce_perf,16,[[0,1,2,3,4,5,6,7],[0,1,2,3,4],[0,1,2],[]],16777216,78.02
all_reduce_perf,16,[[0,1,2,3,4,5,6,7],[0,1,2,3],[0,1,2],[0]],16777216,39.64
all_reduce_perf,16,[[0,1,2,3,4],[0,1,2,3],[0,1,2,3],[0,1,2]],16777216,73.49
all_reduce_perf,16,[[0,1,2,3,4,5,6,7],[0,1,2,3,4,5],[0,1],[]],16777216,58.26
all_reduce_perf,16,[[0,1,2,3,4,5,6],[0,1,2,3,4],[0,1,2],[0]],16777216,38.89
all_reduce_perf,16,[[0,1,2,3,4,5,6,7],[0,1,2,3],[0,1],[0,1]],16777216,59.80
all_reduce_perf,16,[[0,1,2,3,4,5],[0,1,2,3],[0,1,2],[0,1,2]],16777216,65.50
all_reduce_perf,16,[[0,1,2,3,4,5,6,7],[0,1,2,3,4,5,6],[0],[]],16777216,38.92
all_reduce_perf,17,[[0,1,2,3,4,5],[0,1,2,3,4],[0,1,2,3,4],[0]],16777216,39.49
all_reduce_perf,17,[[0,1,2,3,4,5,6,7],[0,1,2,3,4,5,6,7],[0],[]],16777216,39.00
all_reduce_perf,17,[[0,1,2,3,4,5,6],[0,1,2,3,4,5],[0,1,2,3],[]],16777216,96.63
all_reduce_perf,17,[[0,1,2,3,4],[0,1,2,3,4],[0,1,2,3,4],[0,1]],16777216,44.99
all_reduce_perf,17,[[0,1,2,3,4,5,6,7],[0,1,2,3,4,5],[0,1],[0]],16777216,39.66
all_reduce_perf,17,[[0,1,2,3,4,5],[0,1,2,3,4,5],[0,1,2],[0,1]],16777216,60.82
all_reduce_perf,17,[[0,1,2,3,4,5,6,7],[0,1,2,3,4],[0,1,2],[0]],16777216,39.38
all_reduce_perf,17,[[0,1,2,3,4,5,6,7],[0,1,2,3,4],[0,1],[0,1]],16777216,59.54
all_reduce_perf,17,[[0,1,2,3,4,5],[0,1,2,3,4],[0,1,2,3],[0,1]],16777216,63.86
all_reduce_perf,17,[[0,1,2,3,4,5,6],[0,1,2,3,4],[0,1,2],[0,1]],16777216,58.97
all_reduce_perf,17,[[0,1,2,3,4,5,6],[0,1,2,3],[0,1,2],[0,1,2]],16777216,67.49
all_reduce_perf,17,[[0,1,2,3,4,5,6],[0,1,2,3],[0,1,2,3],[0,1]],16777216,65.76
all_reduce_perf,17,[[0,1,2,3,4,5,6],[0,1,2,3,4,5],[0,1,2],[0]],16777216,36.61
all_reduce_perf,17,[[0,1,2,3,4,5],[0,1,2,3,4],[0,1,2],[0,1,2]],16777216,71.99
all_reduce_perf,17,[[0,1,2,3,4,5,6,7],[0,1,2,3],[0,1,2],[0,1]],16777216,60.07
all_reduce_perf,17,[[0,1,2,3,4],[0,1,2,3],[0,1,2,3],[0,1,2,3]],16777216,85.30
all_reduce_perf,17,[[0,1,2,3,4,5,6,7],[0,1,2,3,4,5,6],[0],[0]],16777216,36.20
all_reduce_perf,17,[[0,1,2,3,4,5,6],[0,1,2,3,4],[0,1,2,3],[0]],16777216,38.82
all_reduce_perf,17,[[0,1,2,3,4,5,6],[0,1,2,3,4,5,6],[0,1,2],[]],16777216,70.53
all_reduce_perf,17,[[0,1,2,3,4,5,6],[0,1,2,3,4,5],[0,1],[0,1]],16777216,66.87
all_reduce_perf,17,[[0,1,2,3,4,5],[0,1,2,3,4,5],[0,1,2,3],[0]],16777216,39.36
all_reduce_perf,17,[[0,1,2,3,4,5,6],[0,1,2,3,4],[0,1,2,3,4],[]],16777216,91.32
all_reduce_perf,17,[[0,1,2,3,4],[0,1,2,3,4],[0,1,2,3],[0,1,2]],16777216,70.28
all_reduce_perf,17,[[0,1,2,3,4,5],[0,1,2,3],[0,1,2,3],[0,1,2]],16777216,68.54
all_reduce_perf,17,[[0,1,2,3,4,5,6,7],[0,1,2,3,4,5],[0,1,2],[]],16777216,68.58
all_reduce_perf,17,[[0,1,2,3,4,5],[0,1,2,3,4,5],[0,1,2,3,4],[]],16777216,93.70
all_reduce_perf,17,[[0,1,2,3,4,5,6,7],[0,1,2,3],[0,1,2,3],[0]],16777216,38.70
all_reduce_perf,17,[[0,1,2,3,4,5,6],[0,1,2,3,4,5,6],[0,1],[0]],16777216,38.66
all_reduce_perf,17,[[0,1,2,3,4,5,6,7],[0,1,2,3,4,5,6],[0,1],[]],16777216,56.55
all_reduce_perf,17,[[0,1,2,3,4,5,6,7],[0,1,2,3,4],[0,1,2,3],[]],16777216,101.37
all_reduce_perf,17,[[0,1,2,3,4,5,6,7],[0,1,2],[0,1,2],[0,1,2]],16777216,64.05
all_reduce_perf,18,[[0,1,2,3,4,5],[0,1,2,3,4,5],[0,1,2,3],[0,1]],16777216,62.82
all_reduce_perf,18,[[0,1,2,3,4,5,6,7],[0,1,2,3,4,5,6,7],[0],[0]],16777216,35.99
all_reduce_perf,18,[[0,1,2,3,4,5,6,7],[0,1,2,3,4,5,6],[0,1],[0]],16777216,38.66
all_reduce_perf,18,[[0,1,2,3,4,5,6,7],[0,1,2,3,4],[0,1,2],[0,1]],16777216,58.78
all_reduce_perf,18,[[0,1,2,3,4,5,6],[0,1,2,3,4],[0,1,2,3,4],[0]],16777216,38.69
all_reduce_perf,18,[[0,1,2,3,4,5,6],[0,1,2,3,4,5],[0,1,2,3],[0]],16777216,39.27
all_reduce_perf,18,[[0,1,2,3,4,5,6],[0,1,2,3,4,5,6],[0,1,2,3],[]],16777216,87.45
all_reduce_perf,18,[[0,1,2,3,4,5,6,7],[0,1,2,3,4,5],[0,1,2,3],[]],16777216,97.25
all_reduce_perf,18,[[0,1,2,3,4,5],[0,1,2,3,4,5],[0,1,2,3,4],[0]],16777216,37.59
all_reduce_perf,18,[[0,1,2,3,4],[0,1,2,3,4],[0,1,2,3,4],[0,1,2]],16777216,72.11
all_reduce_perf,18,[[0,1,2,3,4,5,6],[0,1,2,3,4,5],[0,1,2,3,4],[]],16777216,74.25
all_reduce_perf,18,[[0,1,2,3,4,5,6],[0,1,2,3,4,5,6],[0,1],[0,1]],16777216,43.12
all_reduce_perf,18,[[0,1,2,3,4,5,6,7],[0,1,2,3,4,5],[0,1],[0,1]],16777216,61.25
all_reduce_perf,18,[[0,1,2,3,4,5,6],[0,1,2,3,4,5,6],[0,1,2],[0]],16777216,38.65
all_reduce_perf,18,[[0,1,2,3,4,5],[0,1,2,3,4,5],[0,1,2,3,4,5],[]],16777216,108.19
all_reduce_perf,18,[[0,1,2,3,4,5,6,7],[0,1,2,3,4,5],[0,1,2],[0]],16777216,36.61
all_reduce_perf,18,[[0,1,2,3,4,5],[0,1,2,3,4,5],[0,1,2],[0,1,2]],16777216,83.02
all_reduce_perf,18,[[0,1,2,3,4,5,6,7],[0,1,2,3],[0,1,2],[0,1,2]],16777216,52.83
all_reduce_perf,18,[[0,1,2,3,4,5,6,7],[0,1,2,3,4,5,6,7],[0,1],[]],16777216,51.18
all_reduce_perf,18,[[0,1,2,3,4,5],[0,1,2,3],[0,1,2,3],[0,1,2,3]],16777216,84.86
all_reduce_perf,18,[[0,1,2,3,4,5,6,7],[0,1,2,3,4],[0,1,2,3],[0]],16777216,38.46
all_reduce_perf,18,[[0,1,2,3,4,5,6],[0,1,2,3],[0,1,2,3],[0,1,2]],16777216,51.91
all_reduce_perf,18,[[0,1,2,3,4,5,6],[0,1,2,3,4,5],[0,1,2],[0,1]],16777216,59.46
all_reduce_perf,18,[[0,1,2,3,4,5,6,7],[0,1,2,3,4,5,6],[0,1,2],[]],16777216,78.63
all_reduce_perf,18,[[0,1,2,3,4,5,6,7],[0,1,2,3,4],[0,1,2,3,4],[]],16777216,94.80
all_reduce_perf,18,[[0,1,2,3,4,5,6,7],[0,1,2,3],[0,1,2,3],[0,1]],16777216,62.19
all_reduce_perf,18,[[0,1,2,3,4,5,6],[0,1,2,3,4],[0,1,2],[0,1,2]],16777216,66.85
all_reduce_perf,18,[[0,1,2,3,4,5],[0,1,2,3,4],[0,1,2,3,4],[0,1]],16777216,63.33
all_reduce_perf,18,[[0,1,2,3,4,5,6],[0,1,2,3,4],[0,1,2,3],[0,1]],16777216,62.91
all_reduce_perf,18,[[0,1,2,3,4,5],[0,1,2,3,4],[0,1,2,3],[0,1,2]],16777216,73.67
all_reduce_perf,18,[[0,1,2,3,4],[0,1,2,3,4],[0,1,2,3],[0,1,2,3]],16777216,83.24
all_reduce_perf,19,[[0,1,2,3,4,5,6,7],[0,1,2,3],[0,1,2,3],[0,1,2]],16777216,76.39
all_reduce_perf,19,[[0,1,2,3,4,5,6],[0,1,2,3,4,5],[0,1,2],[0,1,2]],16777216,80.27
all_reduce_perf,19,[[0,1,2,3,4,5,6],[0,1,2,3,4,5],[0,1,2,3,4,5],[]],16777216,109.30
all_reduce_perf,19,[[0,1,2,3,4,5],[0,1,2,3,4],[0,1,2,3,4],[0,1,2]],16777216,72.06
all_reduce_perf,19,[[0,1,2,3,4,5,6,7],[0,1,2,3,4,5],[0,1,2,3],[0]],16777216,38.20
all_reduce_perf,19,[[0,1,2,3,4,5,6],[0,1,2,3,4,5,6],[0,1,2,3],[0]],16777216,37.73
all_reduce_perf,19,[[0,1,2,3,4,5,6,7],[0,1,2,3,4,5,6,7],[0,1],[0]],16777216,38.27
all_reduce_perf,19,[[0,1,2,3,4,5,6],[0,1,2,3],[0,1,2,3],[0,1,2,3]],16777216,86.36
all_reduce_perf,19,[[0,1,2,3,4,5,6,7],[0,1,2,3,4,5],[0,1,2,3,4],[]],16777216,87.95
all_reduce_perf,19,[[0,1,2,3,4,5],[0,1,2,3,4,5],[0,1,2,3,4],[0,1]],16777216,60.00
all_reduce_perf,19,[[0,1,2,3,4,5],[0,1,2,3,4,5],[0,1,2,3],[0,1,2]],16777216,79.58
all_reduce_perf,19,[[0,1,2,3,4,5,6],[0,1,2,3,4,5,6],[0,1,2,3,4],[]],16777216,95.33
all_reduce_perf,19,[[0,1,2,3,4,5,6,7],[0,1,2,3,4],[0,1,2],[0,1,2]],16777216,72.11
all_reduce_perf,19,[[0,1,2,3,4,5],[0,1,2,3,4],[0,1,2,3],[0,1,2,3]],16777216,87.79
all_reduce_perf,19,[[0,1,2,3,4,5,6,7],[0,1,2,3,4],[0,1,2,3],[0,1]],16777216,40.05
all_reduce_perf,19,[[0,1,2,3,4,5,6,7],[0,1,2,3,4,5,6],[0,1,2,3],[]],16777216,99.32
all_reduce_perf,19,[[0,1,2,3,4,5,6,7],[0,1,2,3,4,5],[0,1,2],[0,1]],16777216,54.92
all_reduce_perf,19,[[0,1,2,3,4,5,6],[0,1,2,3,4],[0,1,2,3],[0,1,2]],16777216,71.36
all_reduce_perf,19,[[0,1,2,3,4,5],[0,1,2,3,4,5],[0,1,2,3,4,5],[0]],16777216,38.98
all_reduce_perf,19,[[0,1,2,3,4,5,6,7],[0,1,2,3,4],[0,1,2,3,4],[0]],16777216,37.48
all_reduce_perf,19,[[0,1,2,3,4,5,6],[0,1,2,3,4,5],[0,1,2,3],[0,1]],16777216,61.23
all_reduce_perf,19,[[0,1,2,3,4,5,6],[0,1,2,3,4],[0,1,2,3,4],[0,1]],16777216,60.92
all_reduce_perf,19,[[0,1,2,3,4,5,6,7],[0,1,2,3,4,5,6],[0,1,2],[0]],16777216,38.06
all_reduce_perf,19,[[0,1,2,3,4,5,6,7],[0,1,2,3,4,5,6,7],[0,1,2],[]],16777216,80.30
all_reduce_perf,19,[[0,1,2,3,4,5,6],[0,1,2,3,4,5,6],[0,1,2],[0,1]],16777216,43.00
all_reduce_perf,19,[[0,1,2,3,4,5,6],[0,1,2,3,4,5],[0,1,2,3,4],[0]],16777216,38.01
all_reduce_perf,19,[[0,1,2,3,4],[0,1,2,3,4],[0,1,2,3,4],[0,1,2,3]],16777216,87.36
all_reduce_perf,19,[[0,1,2,3,4,5,6,7],[0,1,2,3,4,5,6],[0,1],[0,1]],16777216,50.62
all_reduce_perf,20,[[0,1,2,3,4],[0,1,2,3,4],[0,1,2,3,4],[0,1,2,3,4]],16777216,87.27
all_reduce_perf,20,[[0,1,2,3,4,5,6,7],[0,1,2,3,4,5],[0,1,2],[0,1,2]],16777216,76.11
all_reduce_perf,20,[[0,1,2,3,4,5,6,7],[0,1,2,3,4,5,6],[0,1,2,3,4],[]],16777216,97.25
all_reduce_perf,20,[[0,1,2,3,4,5,6,7],[0,1,2,3,4,5],[0,1,2,3],[0,1]],16777216,60.03
all_reduce_perf,20,[[0,1,2,3,4,5,6],[0,1,2,3,4,5],[0,1,2,3,4,5],[0]],16777216,37.87
all_reduce_perf,20,[[0,1,2,3,4,5,6,7],[0,1,2,3,4,5,6,7],[0,1],[0,1]],16777216,60.45
all_reduce_perf,20,[[0,1,2,3,4,5],[0,1,2,3,4,5],[0,1,2,3],[0,1,2,3]],16777216,85.64
all_reduce_perf,20,[[0,1,2,3,4,5,6,7],[0,1,2,3,4,5,6,7],[0,1,2],[0]],16777216,37.05
all_reduce_perf,20,[[0,1,2,3,4,5,6,7],[0,1,2,3,4,5],[0,1,2,3,4],[0]],16777216,37.89
all_reduce_perf,20,[[0,1,2,3,4,5,6],[0,1,2,3,4,5,6],[0,1,2,3],[0,1]],16777216,58.95
all_reduce_perf,20,[[0,1,2,3,4,5,6,7],[0,1,2,3,4,5,6],[0,1,2],[0,1]],16777216,56.99
all_reduce_perf,20,[[0,1,2,3,4,5,6],[0,1,2,3,4],[0,1,2,3],[0,1,2,3]],16777216,84.17
all_reduce_perf,20,[[0,1,2,3,4,5,6,7],[0,1,2,3,4],[0,1,2,3,4],[0,1]],16777216,59.95
all_reduce_perf,20,[[0,1,2,3,4,5,6],[0,1,2,3,4,5,6],[0,1,2,3,4],[0]],16777216,35.28
all_reduce_perf,20,[[0,1,2,3,4,5,6,7],[0,1,2,3,4],[0,1,2,3],[0,1,2]],16777216,71.28
all_reduce_perf,20,[[0,1,2,3,4,5],[0,1,2,3,4,5],[0,1,2,3,4,5],[0,1]],16777216,58.70
all_reduce_perf,20,[[0,1,2,3,4,5,6,7],[0,1,2,3,4,5],[0,1,2,3,4,5],[]],16777216,105.34
all_reduce_perf,20,[[0,1,2,3,4,5,6],[0,1,2,3,4,5,6],[0,1,2],[0,1,2]],16777216,79.20
all_reduce_perf,20,[[0,1,2,3,4,5,6],[0,1,2,3,4,5],[0,1,2,3],[0,1,2]],16777216,66.99
all_reduce_perf,20,[[0,1,2,3,4,5,6,7],[0,1,2,3],[0,1,2,3],[0,1,2,3]],16777216,83.96
all_reduce_perf,20,[[0,1,2,3,4,5],[0,1,2,3,4],[0,1,2,3,4],[0,1,2,3]],16777216,88.17
all_reduce_perf,20,[[0,1,2,3,4,5,6],[0,1,2,3,4],[0,1,2,3,4],[0,1,2]],16777216,73.37
all_reduce_perf,20,[[0,1,2,3,4,5,6],[0,1,2,3,4,5,6],[0,1,2,3,4,5],[]],16777216,105.35
all_reduce_perf,20,[[0,1,2,3,4,5],[0,1,2,3,4,5],[0,1,2,3,4],[0,1,2]],16777216,71.54
all_reduce_perf,20,[[0,1,2,3,4,5,6],[0,1,2,3,4,5],[0,1,2,3,4],[0,1]],16777216,60.12
all_reduce_perf,20,[[0,1,2,3,4,5,6,7],[0,1,2,3,4,5,6,7],[0,1,2,3],[]],16777216,98.91
all_reduce_perf,20,[[0,1,2,3,4,5,6,7],[0,1,2,3,4,5,6],[0,1,2,3],[0]],16777216,37.35
all_reduce_perf,21,[[0,1,2,3,4,5,6],[0,1,2,3,4,5],[0,1,2,3,4,5],[0,1]],16777216,58.57
all_reduce_perf,21,[[0,1,2,3,4,5,6],[0,1,2,3,4,5],[0,1,2,3],[0,1,2,3]],16777216,82.20
all_reduce_perf,21,[[0,1,2,3,4,5,6],[0,1,2,3,4,5,6],[0,1,2,3,4,5,6],[]],16777216,100.26
all_reduce_perf,21,[[0,1,2,3,4,5,6,7],[0,1,2,3,4,5,6],[0,1,2],[0,1,2]],16777216,72.53
all_reduce_perf,21,[[0,1,2,3,4,5,6],[0,1,2,3,4,5],[0,1,2,3,4],[0,1,2]],16777216,71.73
all_reduce_perf,21,[[0,1,2,3,4,5,6],[0,1,2,3,4],[0,1,2,3,4],[0,1,2,3]],16777216,86.74
all_reduce_perf,21,[[0,1,2,3,4,5],[0,1,2,3,4],[0,1,2,3,4],[0,1,2,3,4]],16777216,87.89
all_reduce_perf,21,[[0,1,2,3,4,5,6,7],[0,1,2,3,4],[0,1,2,3,4],[0,1,2]],16777216,71.62
all_reduce_perf,21,[[0,1,2,3,4,5,6,7],[0,1,2,3,4,5,6,7],[0,1,2,3],[0]],16777216,37.39
all_reduce_perf,21,[[0,1,2,3,4,5,6,7],[0,1,2,3,4,5,6],[0,1,2,3],[0,1]],16777216,35.12
all_reduce_perf,21,[[0,1,2,3,4,5],[0,1,2,3,4,5],[0,1,2,3,4],[0,1,2,3]],16777216,86.13
all_reduce_perf,21,[[0,1,2,3,4,5,6,7],[0,1,2,3,4,5,6],[0,1,2,3,4],[0]],16777216,37.63
all_reduce_perf,21,[[0,1,2,3,4,5,6,7],[0,1,2,3,4,5,6,7],[0,1,2,3,4],[]],16777216,95.05
all_reduce_perf,21,[[0,1,2,3,4,5],[0,1,2,3,4,5],[0,1,2,3,4,5],[0,1,2]],16777216,75.91
all_reduce_perf,21,[[0,1,2,3,4,5,6],[0,1,2,3,4,5,6],[0,1,2,3],[0,1,2]],16777216,75.22
all_reduce_perf,21,[[0,1,2,3,4,5,6,7],[0,1,2,3,4,5],[0,1,2,3,4],[0,1]],16777216,59.18
all_reduce_perf,21,[[0,1,2,3,4,5,6,7],[0,1,2,3,4],[0,1,2,3],[0,1,2,3]],16777216,87.76
all_reduce_perf,21,[[0,1,2,3,4,5,6,7],[0,1,2,3,4,5],[0,1,2,3],[0,1,2]],16777216,73.96
all_reduce_perf,21,[[0,1,2,3,4,5,6],[0,1,2,3,4,5,6],[0,1,2,3,4],[0,1]],16777216,56.97
all_reduce_perf,21,[[0,1,2,3,4,5,6,7],[0,1,2,3,4,5,6],[0,1,2,3,4,5],[]],16777216,103.01
all_reduce_perf,21,[[0,1,2,3,4,5,6,7],[0,1,2,3,4,5],[0,1,2,3,4,5],[0]],16777216,37.37
all_reduce_perf,21,[[0,1,2,3,4,5,6,7],[0,1,2,3,4,5,6,7],[0,1,2],[0,1]],16777216,55.32
all_reduce_perf,21,[[0,1,2,3,4,5,6],[0,1,2,3,4,5,6],[0,1,2,3,4,5],[0]],16777216,37.41
all_reduce_perf,22,[[0,1,2,3,4,5,6,7],[0,1,2,3,4,5],[0,1,2,3],[0,1,2,3]],16777216,83.58
all_reduce_perf,22,[[0,1,2,3,4,5,6],[0,1,2,3,4,5],[0,1,2,3,4,5],[0,1,2]],16777216,75.37
all_reduce_perf,22,[[0,1,2,3,4,5,6],[0,1,2,3,4,5,6],[0,1,2,3,4],[0,1,2]],16777216,55.54
all_reduce_perf,22,[[0,1,2,3,4,5,6,7],[0,1,2,3,4,5,6,7],[0,1,2,3,4],[0]],16777216,37.13
all_reduce_perf,22,[[0,1,2,3,4,5,6,7],[0,1,2,3,4,5,6],[0,1,2,3,4],[0,1]],16777216,42.81
all_reduce_perf,22,[[0,1,2,3,4,5,6,7],[0,1,2,3,4,5],[0,1,2,3,4,5],[0,1]],16777216,57.69
all_reduce_perf,22,[[0,1,2,3,4,5,6],[0,1,2,3,4,5,6],[0,1,2,3,4,5,6],[0]],16777216,37.06
all_reduce_perf,22,[[0,1,2,3,4,5],[0,1,2,3,4,5],[0,1,2,3,4],[0,1,2,3,4]],16777216,85.21
all_reduce_perf,22,[[0,1,2,3,4,5,6,7],[0,1,2,3,4,5,6,7],[0,1,2,3,4,5],[]],16777216,105.15
all_reduce_perf,22,[[0,1,2,3,4,5,6,7],[0,1,2,3,4,5,6],[0,1,2,3,4,5],[0]],16777216,35.41
all_reduce_perf,22,[[0,1,2,3,4,5,6],[0,1,2,3,4,5,6],[0,1,2,3,4,5],[0,1]],16777216,56.40
all_reduce_perf,22,[[0,1,2,3,4,5],[0,1,2,3,4,5],[0,1,2,3,4,5],[0,1,2,3]],16777216,86.25
all_reduce_perf,22,[[0,1,2,3,4,5,6],[0,1,2,3,4,5],[0,1,2,3,4],[0,1,2,3]],16777216,86.58
all_reduce_perf,22,[[0,1,2,3,4,5,6,7],[0,1,2,3,4,5,6],[0,1,2,3],[0,1,2]],16777216,68.82
all_reduce_perf,22,[[0,1,2,3,4,5,6],[0,1,2,3,4,5,6],[0,1,2,3],[0,1,2,3]],16777216,84.75
all_reduce_perf,22,[[0,1,2,3,4,5,6,7],[0,1,2,3,4],[0,1,2,3,4],[0,1,2,3]],16777216,84.13
all_reduce_perf,22,[[0,1,2,3,4,5,6,7],[0,1,2,3,4,5,6],[0,1,2,3,4,5,6],[]],16777216,100.22
all_reduce_perf,22,[[0,1,2,3,4,5,6,7],[0,1,2,3,4,5],[0,1,2,3,4],[0,1,2]],16777216,73.79
all_reduce_perf,22,[[0,1,2,3,4,5,6,7],[0,1,2,3,4,5,6,7],[0,1,2],[0,1,2]],16777216,60.15
all_reduce_perf,22,[[0,1,2,3,4,5,6],[0,1,2,3,4],[0,1,2,3,4],[0,1,2,3,4]],16777216,85.99
all_reduce_perf,22,[[0,1,2,3,4,5,6,7],[0,1,2,3,4,5,6,7],[0,1,2,3],[0,1]],16777216,58.51
all_reduce_perf,23,[[0,1,2,3,4,5,6,7],[0,1,2,3,4,5],[0,1,2,3,4],[0,1,2,3]],16777216,87.51
all_reduce_perf,23,[[0,1,2,3,4,5,6,7],[0,1,2,3,4,5],[0,1,2,3,4,5],[0,1,2]],16777216,69.38
all_reduce_perf,23,[[0,1,2,3,4,5,6,7],[0,1,2,3,4,5,6,7],[0,1,2,3],[0,1,2]],16777216,69.28
all_reduce_perf,23,[[0,1,2,3,4,5,6],[0,1,2,3,4,5,6],[0,1,2,3,4],[0,1,2,3]],16777216,81.92
all_reduce_perf,23,[[0,1,2,3,4,5,6,7],[0,1,2,3,4,5,6],[0,1,2,3,4,5,6],[0]],16777216,38.49
all_reduce_perf,23,[[0,1,2,3,4,5,6,7],[0,1,2,3,4,5,6],[0,1,2,3,4],[0,1,2]],16777216,73.04
all_reduce_perf,23,[[0,1,2,3,4,5,6],[0,1,2,3,4,5],[0,1,2,3,4],[0,1,2,3,4]],16777216,86.24
all_reduce_perf,23,[[0,1,2,3,4,5,6,7],[0,1,2,3,4,5,6,7],[0,1,2,3,4,5,6],[]],16777216,99.66
all_reduce_perf,23,[[0,1,2,3,4,5,6],[0,1,2,3,4,5,6],[0,1,2,3,4,5,6],[0,1]],16777216,53.40
all_reduce_perf,23,[[0,1,2,3,4,5,6],[0,1,2,3,4,5],[0,1,2,3,4,5],[0,1,2,3]],16777216,83.19
all_reduce_perf,23,[[0,1,2,3,4,5,6,7],[0,1,2,3,4,5,6],[0,1,2,3,4,5],[0,1]],16777216,54.85
all_reduce_perf,23,[[0,1,2,3,4,5],[0,1,2,3,4,5],[0,1,2,3,4,5],[0,1,2,3,4]],16777216,83.42
all_reduce_perf,23,[[0,1,2,3,4,5,6,7],[0,1,2,3,4,5,6],[0,1,2,3],[0,1,2,3]],16777216,84.51
all_reduce_perf,23,[[0,1,2,3,4,5,6],[0,1,2,3,4,5,6],[0,1,2,3,4,5],[0,1,2]],16777216,72.70
all_reduce_perf,23,[[0,1,2,3,4,5,6,7],[0,1,2,3,4,5,6,7],[0,1,2,3,4],[0,1]],16777216,53.49
all_reduce_perf,23,[[0,1,2,3,4,5,6,7],[0,1,2,3,4],[0,1,2,3,4],[0,1,2,3,4]],16777216,88.72
all_reduce_perf,23,[[0,1,2,3,4,5,6,7],[0,1,2,3,4,5,6,7],[0,1,2,3,4,5],[0]],16777216,37.60
all_reduce_perf,24,[[0,1,2,3,4,5,6,7],[0,1,2,3,4,5],[0,1,2,3,4],[0,1,2,3,4]],16777216,87.51
all_reduce_perf,24,[[0,1,2,3,4,5,6,7],[0,1,2,3,4,5,6],[0,1,2,3,4],[0,1,2,3]],16777216,86.52
all_reduce_perf,24,[[0,1,2,3,4,5,6,7],[0,1,2,3,4,5],[0,1,2,3,4,5],[0,1,2,3]],16777216,91.08
all_reduce_perf,24,[[0,1,2,3,4,5,6],[0,1,2,3,4,5,6],[0,1,2,3,4],[0,1,2,3,4]],16777216,76.26
all_reduce_perf,24,[[0,1,2,3,4,5,6,7],[0,1,2,3,4,5,6,7],[0,1,2,3,4],[0,1,2]],16777216,69.84
all_reduce_perf,24,[[0,1,2,3,4,5],[0,1,2,3,4,5],[0,1,2,3,4,5],[0,1,2,3,4,5]],16777216,98.12
all_reduce_perf,24,[[0,1,2,3,4,5,6],[0,1,2,3,4,5,6],[0,1,2,3,4,5],[0,1,2,3]],16777216,80.98
all_reduce_perf,24,[[0,1,2,3,4,5,6,7],[0,1,2,3,4,5,6,7],[0,1,2,3],[0,1,2,3]],16777216,86.17
all_reduce_perf,24,[[0,1,2,3,4,5,6,7],[0,1,2,3,4,5,6],[0,1,2,3,4,5],[0,1,2]],16777216,67.38
all_reduce_perf,24,[[0,1,2,3,4,5,6,7],[0,1,2,3,4,5,6,7],[0,1,2,3,4,5,6],[0]],16777216,37.37
all_reduce_perf,24,[[0,1,2,3,4,5,6],[0,1,2,3,4,5],[0,1,2,3,4,5],[0,1,2,3,4]],16777216,82.92
all_reduce_perf,24,[[0,1,2,3,4,5,6,7],[0,1,2,3,4,5,6],[0,1,2,3,4,5,6],[0,1]],16777216,47.31
all_reduce_perf,24,[[0,1,2,3,4,5,6],[0,1,2,3,4,5,6],[0,1,2,3,4,5,6],[0,1,2]],16777216,70.79
all_reduce_perf,24,[[0,1,2,3,4,5,6,7],[0,1,2,3,4,5,6,7],[0,1,2,3,4,5,6,7],[]],16777216,89.86
all_reduce_perf,24,[[0,1,2,3,4,5,6,7],[0,1,2,3,4,5,6,7],[0,1,2,3,4,5],[0,1]],16777216,54.07
all_reduce_perf,25,[[0,1,2,3,4,5,6,7],[0,1,2,3,4,5,6,7],[0,1,2,3,4,5],[0,1,2]],16777216,71.39
all_reduce_perf,25,[[0,1,2,3,4,5,6],[0,1,2,3,4,5],[0,1,2,3,4,5],[0,1,2,3,4,5]],16777216,91.11
all_reduce_perf,25,[[0,1,2,3,4,5,6,7],[0,1,2,3,4,5,6,7],[0,1,2,3,4,5,6,7],[0]],16777216,36.87
all_reduce_perf,25,[[0,1,2,3,4,5,6,7],[0,1,2,3,4,5,6],[0,1,2,3,4,5],[0,1,2,3]],16777216,86.88
all_reduce_perf,25,[[0,1,2,3,4,5,6],[0,1,2,3,4,5,6],[0,1,2,3,4,5],[0,1,2,3,4]],16777216,86.22
all_reduce_perf,25,[[0,1,2,3,4,5,6,7],[0,1,2,3,4,5,6],[0,1,2,3,4],[0,1,2,3,4]],16777216,87.96
all_reduce_perf,25,[[0,1,2,3,4,5,6],[0,1,2,3,4,5,6],[0,1,2,3,4,5,6],[0,1,2,3]],16777216,89.03
all_reduce_perf,25,[[0,1,2,3,4,5,6,7],[0,1,2,3,4,5],[0,1,2,3,4,5],[0,1,2,3,4]],16777216,80.59
all_reduce_perf,25,[[0,1,2,3,4,5,6,7],[0,1,2,3,4,5,6,7],[0,1,2,3,4,5,6],[0,1]],16777216,52.92
all_reduce_perf,25,[[0,1,2,3,4,5,6,7],[0,1,2,3,4,5,6],[0,1,2,3,4,5,6],[0,1,2]],16777216,69.30
all_reduce_perf,25,[[0,1,2,3,4,5,6,7],[0,1,2,3,4,5,6,7],[0,1,2,3,4],[0,1,2,3]],16777216,87.05
all_reduce_perf,26,[[0,1,2,3,4,5,6],[0,1,2,3,4,5,6],[0,1,2,3,4,5,6],[0,1,2,3,4]],16777216,84.30
all_reduce_perf,26,[[0,1,2,3,4,5,6,7],[0,1,2,3,4,5,6,7],[0,1,2,3,4,5],[0,1,2,3]],16777216,85.63
all_reduce_perf,26,[[0,1,2,3,4,5,6],[0,1,2,3,4,5,6],[0,1,2,3,4,5],[0,1,2,3,4,5]],16777216,89.99
all_reduce_perf,26,[[0,1,2,3,4,5,6,7],[0,1,2,3,4,5],[0,1,2,3,4,5],[0,1,2,3,4,5]],16777216,96.96
all_reduce_perf,26,[[0,1,2,3,4,5,6,7],[0,1,2,3,4,5,6,7],[0,1,2,3,4,5,6],[0,1,2]],16777216,66.05
all_reduce_perf,26,[[0,1,2,3,4,5,6,7],[0,1,2,3,4,5,6],[0,1,2,3,4,5,6],[0,1,2,3]],16777216,71.66
all_reduce_perf,26,[[0,1,2,3,4,5,6,7],[0,1,2,3,4,5,6,7],[0,1,2,3,4],[0,1,2,3,4]],16777216,84.47
all_reduce_perf,26,[[0,1,2,3,4,5,6,7],[0,1,2,3,4,5,6],[0,1,2,3,4,5],[0,1,2,3,4]],16777216,83.18
all_reduce_perf,26,[[0,1,2,3,4,5,6,7],[0,1,2,3,4,5,6,7],[0,1,2,3,4,5,6,7],[0,1]],16777216,50.91
all_reduce_perf,27,[[0,1,2,3,4,5,6,7],[0,1,2,3,4,5,6,7],[0,1,2,3,4,5],[0,1,2,3,4]],16777216,86.78
all_reduce_perf,27,[[0,1,2,3,4,5,6,7],[0,1,2,3,4,5,6,7],[0,1,2,3,4,5,6,7],[0,1,2]],16777216,69.98
all_reduce_perf,27,[[0,1,2,3,4,5,6],[0,1,2,3,4,5,6],[0,1,2,3,4,5,6],[0,1,2,3,4,5]],16777216,69.35
all_reduce_perf,27,[[0,1,2,3,4,5,6,7],[0,1,2,3,4,5,6],[0,1,2,3,4,5,6],[0,1,2,3,4]],16777216,85.92
all_reduce_perf,27,[[0,1,2,3,4,5,6,7],[0,1,2,3,4,5,6,7],[0,1,2,3,4,5,6],[0,1,2,3]],16777216,85.76
all_reduce_perf,27,[[0,1,2,3,4,5,6,7],[0,1,2,3,4,5,6],[0,1,2,3,4,5],[0,1,2,3,4,5]],16777216,99.18
all_reduce_perf,28,[[0,1,2,3,4,5,6,7],[0,1,2,3,4,5,6,7],[0,1,2,3,4,5],[0,1,2,3,4,5]],16777216,96.61
all_reduce_perf,28,[[0,1,2,3,4,5,6,7],[0,1,2,3,4,5,6,7],[0,1,2,3,4,5,6,7],[0,1,2,3]],16777216,83.98
all_reduce_perf,28,[[0,1,2,3,4,5,6],[0,1,2,3,4,5,6],[0,1,2,3,4,5,6],[0,1,2,3,4,5,6]],16777216,94.07
all_reduce_perf,28,[[0,1,2,3,4,5,6,7],[0,1,2,3,4,5,6],[0,1,2,3,4,5,6],[0,1,2,3,4,5]],16777216,89.67
all_reduce_perf,28,[[0,1,2,3,4,5,6,7],[0,1,2,3,4,5,6,7],[0,1,2,3,4,5,6],[0,1,2,3,4]],16777216,84.69
all_reduce_perf,29,[[0,1,2,3,4,5,6,7],[0,1,2,3,4,5,6],[0,1,2,3,4,5,6],[0,1,2,3,4,5,6]],16777216,88.99
all_reduce_perf,29,[[0,1,2,3,4,5,6,7],[0,1,2,3,4,5,6,7],[0,1,2,3,4,5,6,7],[0,1,2,3,4]],16777216,84.88
all_reduce_perf,29,[[0,1,2,3,4,5,6,7],[0,1,2,3,4,5,6,7],[0,1,2,3,4,5,6],[0,1,2,3,4,5]],16777216,98.06
all_reduce_perf,30,[[0,1,2,3,4,5,6,7],[0,1,2,3,4,5,6,7],[0,1,2,3,4,5,6,7],[0,1,2,3,4,5]],16777216,92.69
all_reduce_perf,30,[[0,1,2,3,4,5,6,7],[0,1,2,3,4,5,6,7],[0,1,2,3,4,5,6],[0,1,2,3,4,5,6]],16777216,96.68
all_reduce_perf,31,[[0,1,2,3,4,5,6,7],[0,1,2,3,4,5,6,7],[0,1,2,3,4,5,6,7],[0,1,2,3,4,5,6]],16777216,94.91
all_reduce_perf,32,[[0,1,2,3,4,5,6,7],[0,1,2,3,4,5,6,7],[0,1,2,3,4,5,6,7],[0,1,2,3,4,5,6,7]],16777216,102.57