OP,GPU_num,GPU_used,data_size(B),Bandwidth(GB/s)
all_reduce_perf,1,0,16777216,0.00
all_reduce_perf,1,1,16777216,0.00
all_reduce_perf,1,2,16777216,0.00
all_reduce_perf,1,3,16777216,0.00
all_reduce_perf,1,4,16777216,0.00
all_reduce_perf,1,5,16777216,0.00
all_reduce_perf,1,6,16777216,0.00
all_reduce_perf,1,7,16777216,0.00
all_reduce_perf,2,01,16777216,204.01
all_reduce_perf,2,02,16777216,206.46
all_reduce_perf,2,03,16777216,165.03
all_reduce_perf,2,04,16777216,206.33
all_reduce_perf,2,05,16777216,206.23
all_reduce_perf,2,06,16777216,205.91
all_reduce_perf,2,07,16777216,199.57
all_reduce_perf,2,12,16777216,205.96
all_reduce_perf,2,13,16777216,205.58
all_reduce_perf,2,14,16777216,205.05
all_reduce_perf,2,15,16777216,205.18
all_reduce_perf,2,16,16777216,205.80
all_reduce_perf,2,17,16777216,200.51
all_reduce_perf,2,23,16777216,205.96
all_reduce_perf,2,24,16777216,205.44
all_reduce_perf,2,25,16777216,204.53
all_reduce_perf,2,26,16777216,206.43
all_reduce_perf,2,27,16777216,197.31
all_reduce_perf,2,34,16777216,206.26
all_reduce_perf,2,35,16777216,205.80
all_reduce_perf,2,36,16777216,206.79
all_reduce_perf,2,37,16777216,198.56
all_reduce_perf,2,45,16777216,206.21
all_reduce_perf,2,46,16777216,205.72
all_reduce_perf,2,47,16777216,196.96
all_reduce_perf,2,56,16777216,206.35
all_reduce_perf,2,57,16777216,206.01
all_reduce_perf,2,67,16777216,112.91
all_reduce_perf,3,012,16777216,233.48
all_reduce_perf,3,013,16777216,234.30
all_reduce_perf,3,014,16777216,233.13
all_reduce_perf,3,015,16777216,233.57
all_reduce_perf,3,016,16777216,233.32
all_reduce_perf,3,017,16777216,235.99
all_reduce_perf,3,023,16777216,233.30
all_reduce_perf,3,024,16777216,232.30
all_reduce_perf,3,025,16777216,232.27
all_reduce_perf,3,026,16777216,232.60
all_reduce_perf,3,027,16777216,233.59
all_reduce_perf,3,034,16777216,232.84
all_reduce_perf,3,035,16777216,232.64
all_reduce_perf,3,036,16777216,234.28
all_reduce_perf,3,037,16777216,232.77
all_reduce_perf,3,045,16777216,232.60
all_reduce_perf,3,046,16777216,233.02
all_reduce_perf,3,047,16777216,232.51
all_reduce_perf,3,056,16777216,233.87
all_reduce_perf,3,057,16777216,231.90
all_reduce_perf,3,067,16777216,233.11
all_reduce_perf,3,123,16777216,233.23
all_reduce_perf,3,124,16777216,233.11
all_reduce_perf,3,125,16777216,232.76
all_reduce_perf,3,126,16777216,233.71
all_reduce_perf,3,127,16777216,231.98
all_reduce_perf,3,134,16777216,233.26
all_reduce_perf,3,135,16777216,232.80
all_reduce_perf,3,136,16777216,235.06
all_reduce_perf,3,137,16777216,231.94
all_reduce_perf,3,145,16777216,232.48
all_reduce_perf,3,146,16777216,234.06
all_reduce_perf,3,147,16777216,234.67
all_reduce_perf,3,156,16777216,233.09
all_reduce_perf,3,157,16777216,230.86
all_reduce_perf,3,167,16777216,232.42
all_reduce_perf,3,234,16777216,232.88
all_reduce_perf,3,235,16777216,234.34
all_reduce_perf,3,236,16777216,232.67
all_reduce_perf,3,237,16777216,232.98
all_reduce_perf,3,245,16777216,233.00
all_reduce_perf,3,246,16777216,233.48
all_reduce_perf,3,247,16777216,231.68
all_reduce_perf,3,256,16777216,232.83
all_reduce_perf,3,257,16777216,231.77
all_reduce_perf,3,267,16777216,232.40
all_reduce_perf,3,345,16777216,232.23
all_reduce_perf,3,346,16777216,234.27
all_reduce_perf,3,347,16777216,233.92
all_reduce_perf,3,356,16777216,233.47
all_reduce_perf,3,357,16777216,232.20
all_reduce_perf,3,367,16777216,231.77
all_reduce_perf,3,456,16777216,232.30
all_reduce_perf,3,457,16777216,231.74
all_reduce_perf,3,467,16777216,231.66
all_reduce_perf,3,567,16777216,234.03
all_reduce_perf,4,0123,16777216,242.63
all_reduce_perf,4,0124,16777216,242.05
all_reduce_perf,4,0125,16777216,242.19
all_reduce_perf,4,0126,16777216,242.33
all_reduce_perf,4,0127,16777216,241.25
all_reduce_perf,4,0134,16777216,242.15
all_reduce_perf,4,0135,16777216,242.73
all_reduce_perf,4,0136,16777216,242.36
all_reduce_perf,4,0137,16777216,242.88
all_reduce_perf,4,0145,16777216,241.01
all_reduce_perf,4,0146,16777216,241.65
all_reduce_perf,4,0147,16777216,241.71
all_reduce_perf,4,0156,16777216,243.18
all_reduce_perf,4,0157,16777216,241.78
all_reduce_perf,4,0167,16777216,242.88
all_reduce_perf,4,0234,16777216,241.73
all_reduce_perf,4,0235,16777216,241.98
all_reduce_perf,4,0236,16777216,241.99
all_reduce_perf,4,0237,16777216,241.11
all_reduce_perf,4,0245,16777216,242.38
all_reduce_perf,4,0246,16777216,242.86
all_reduce_perf,4,0247,16777216,242.18
all_reduce_perf,4,0256,16777216,240.97
all_reduce_perf,4,0257,16777216,242.30
all_reduce_perf,4,0267,16777216,242.07
all_reduce_perf,4,0345,16777216,242.06
all_reduce_perf,4,0346,16777216,241.56
all_reduce_perf,4,0347,16777216,241.01
all_reduce_perf,4,0356,16777216,241.74
all_reduce_perf,4,0357,16777216,242.43
all_reduce_perf,4,0367,16777216,242.20
all_reduce_perf,4,0456,16777216,241.89
all_reduce_perf,4,0457,16777216,243.03
all_reduce_perf,4,0467,16777216,242.22
all_reduce_perf,4,0567,16777216,242.13
all_reduce_perf,4,1234,16777216,242.06
all_reduce_perf,4,1235,16777216,241.93
all_reduce_perf,4,1236,16777216,242.11
all_reduce_perf,4,1237,16777216,242.36
all_reduce_perf,4,1245,16777216,242.00
all_reduce_perf,4,1246,16777216,242.65
all_reduce_perf,4,1247,16777216,243.05
all_reduce_perf,4,1256,16777216,243.25
all_reduce_perf,4,1257,16777216,241.85
all_reduce_perf,4,1267,16777216,241.85
all_reduce_perf,4,1345,16777216,241.56
all_reduce_perf,4,1346,16777216,242.64
all_reduce_perf,4,1347,16777216,242.97
all_reduce_perf,4,1356,16777216,241.65
all_reduce_perf,4,1357,16777216,241.51
all_reduce_perf,4,1367,16777216,242.64
all_reduce_perf,4,1456,16777216,242.39
all_reduce_perf,4,1457,16777216,242.45
all_reduce_perf,4,1467,16777216,242.70
all_reduce_perf,4,1567,16777216,242.41
all_reduce_perf,4,2345,16777216,242.47
all_reduce_perf,4,2346,16777216,242.24
all_reduce_perf,4,2347,16777216,242.07
all_reduce_perf,4,2356,16777216,242.03
all_reduce_perf,4,2357,16777216,242.48
all_reduce_perf,4,2367,16777216,243.13
all_reduce_perf,4,2456,16777216,242.21
all_reduce_perf,4,2457,16777216,242.31
all_reduce_perf,4,2467,16777216,241.60
all_reduce_perf,4,2567,16777216,242.31
all_reduce_perf,4,3456,16777216,242.07
all_reduce_perf,4,3457,16777216,241.59
all_reduce_perf,4,3467,16777216,241.68
all_reduce_perf,4,3567,16777216,242.05
all_reduce_perf,4,4567,16777216,242.35
all_reduce_perf,5,01234,16777216,227.64
all_reduce_perf,5,01235,16777216,226.40
all_reduce_perf,5,01236,16777216,225.32
all_reduce_perf,5,01237,16777216,227.38
all_reduce_perf,5,01245,16777216,227.67
all_reduce_perf,5,01246,16777216,227.12
all_reduce_perf,5,01247,16777216,226.91
all_reduce_perf,5,01256,16777216,226.60
all_reduce_perf,5,01257,16777216,228.25
all_reduce_perf,5,01267,16777216,226.76
all_reduce_perf,5,01345,16777216,228.41
all_reduce_perf,5,01346,16777216,228.09
all_reduce_perf,5,01347,16777216,227.19
all_reduce_perf,5,01356,16777216,227.19
all_reduce_perf,5,01357,16777216,226.82
all_reduce_perf,5,01367,16777216,227.88
all_reduce_perf,5,01456,16777216,228.30
all_reduce_perf,5,01457,16777216,228.42
all_reduce_perf,5,01467,16777216,226.55
all_reduce_perf,5,01567,16777216,227.71
all_reduce_perf,5,02345,16777216,227.46
all_reduce_perf,5,02346,16777216,226.72
all_reduce_perf,5,02347,16777216,226.58
all_reduce_perf,5,02356,16777216,226.13
all_reduce_perf,5,02357,16777216,227.09
all_reduce_perf,5,02367,16777216,226.02
all_reduce_perf,5,02456,16777216,226.18
all_reduce_perf,5,02457,16777216,228.10
all_reduce_perf,5,02467,16777216,227.64
all_reduce_perf,5,02567,16777216,228.82
all_reduce_perf,5,03456,16777216,228.32
all_reduce_perf,5,03457,16777216,228.90
all_reduce_perf,5,03467,16777216,227.33
all_reduce_perf,5,03567,16777216,228.91
all_reduce_perf,5,04567,16777216,228.06
all_reduce_perf,5,12345,16777216,229.08
all_reduce_perf,5,12346,16777216,227.65
all_reduce_perf,5,12347,16777216,227.32
all_reduce_perf,5,12356,16777216,228.15
all_reduce_perf,5,12357,16777216,228.69
all_reduce_perf,5,12367,16777216,227.47
all_reduce_perf,5,12456,16777216,226.39
all_reduce_perf,5,12457,16777216,227.11
all_reduce_perf,5,12467,16777216,226.34
all_reduce_perf,5,12567,16777216,227.48
all_reduce_perf,5,13456,16777216,227.84
all_reduce_perf,5,13457,16777216,228.20
all_reduce_perf,5,13467,16777216,226.74
all_reduce_perf,5,13567,16777216,228.11
all_reduce_perf,5,14567,16777216,228.60
all_reduce_perf,5,23456,16777216,225.71
all_reduce_perf,5,23457,16777216,226.10
all_reduce_perf,5,23467,16777216,227.02
all_reduce_perf,5,23567,16777216,228.24
all_reduce_perf,5,24567,16777216,228.40
all_reduce_perf,5,34567,16777216,229.61
all_reduce_perf,6,012345,16777216,228.09
all_reduce_perf,6,012346,16777216,228.89
all_reduce_perf,6,012347,16777216,228.45
all_reduce_perf,6,012356,16777216,229.41
all_reduce_perf,6,012357,16777216,227.90
all_reduce_perf,6,012367,16777216,227.80
all_reduce_perf,6,012456,16777216,230.20
all_reduce_perf,6,012457,16777216,227.71
all_reduce_perf,6,012467,16777216,229.04
all_reduce_perf,6,012567,16777216,227.39
all_reduce_perf,6,013456,16777216,230.69
all_reduce_perf,6,013457,16777216,229.17
all_reduce_perf,6,013467,16777216,228.22
all_reduce_perf,6,013567,16777216,228.03
all_reduce_perf,6,014567,16777216,227.36
all_reduce_perf,6,023456,16777216,228.86
all_reduce_perf,6,023457,16777216,228.57
all_reduce_perf,6,023467,16777216,226.92
all_reduce_perf,6,023567,16777216,227.41
all_reduce_perf,6,024567,16777216,228.12
all_reduce_perf,6,034567,16777216,230.20
all_reduce_perf,6,123456,16777216,230.25
all_reduce_perf,6,123457,16777216,228.34
all_reduce_perf,6,123467,16777216,228.36
all_reduce_perf,6,123567,16777216,227.09
all_reduce_perf,6,124567,16777216,227.98
all_reduce_perf,6,134567,16777216,229.21
all_reduce_perf,6,234567,16777216,228.49
all_reduce_perf,7,0123456,16777216,232.85
all_reduce_perf,7,0123457,16777216,233.42
all_reduce_perf,7,0123467,16777216,233.74
all_reduce_perf,7,0123567,16777216,234.75
all_reduce_perf,7,0124567,16777216,233.42
all_reduce_perf,7,0134567,16777216,232.61
all_reduce_perf,7,0234567,16777216,232.73
all_reduce_perf,7,1234567,16777216,232.87
all_reduce_perf,8,01234567,16777216,234.73