OP,GPU_num,GPU_used,data_size(B),Bandwidth(GB/s)
all_reduce_perf,1,0,16777216,0.00
all_reduce_perf,1,1,16777216,0.00
all_reduce_perf,1,2,16777216,0.00
all_reduce_perf,1,3,16777216,0.00
all_reduce_perf,1,4,16777216,0.00
all_reduce_perf,1,5,16777216,0.00
all_reduce_perf,1,6,16777216,0.00
all_reduce_perf,1,7,16777216,0.00
all_reduce_perf,2,01,16777216,197.69
all_reduce_perf,2,02,16777216,199.37
all_reduce_perf,2,03,16777216,196.99
all_reduce_perf,2,04,16777216,197.60
all_reduce_perf,2,05,16777216,204.70
all_reduce_perf,2,06,16777216,201.45
all_reduce_perf,2,07,16777216,197.62
all_reduce_perf,2,12,16777216,129.54
all_reduce_perf,2,13,16777216,205.70
all_reduce_perf,2,14,16777216,206.73
all_reduce_perf,2,15,16777216,205.26
all_reduce_perf,2,16,16777216,205.46
all_reduce_perf,2,17,16777216,206.64
all_reduce_perf,2,23,16777216,207.27
all_reduce_perf,2,24,16777216,205.90
all_reduce_perf,2,25,16777216,205.29
all_reduce_perf,2,26,16777216,205.53
all_reduce_perf,2,27,16777216,206.26
all_reduce_perf,2,34,16777216,206.18
all_reduce_perf,2,35,16777216,206.00
all_reduce_perf,2,36,16777216,205.02
all_reduce_perf,2,37,16777216,205.51
all_reduce_perf,2,45,16777216,206.35
all_reduce_perf,2,46,16777216,206.61
all_reduce_perf,2,47,16777216,207.05
all_reduce_perf,2,56,16777216,117.91
all_reduce_perf,2,57,16777216,206.22
all_reduce_perf,2,67,16777216,206.14
all_reduce_perf,3,012,16777216,233.56
all_reduce_perf,3,013,16777216,234.36
all_reduce_perf,3,014,16777216,234.96
all_reduce_perf,3,015,16777216,234.90
all_reduce_perf,3,016,16777216,235.21
all_reduce_perf,3,017,16777216,234.03
all_reduce_perf,3,023,16777216,234.45
all_reduce_perf,3,024,16777216,233.47
all_reduce_perf,3,025,16777216,234.86
all_reduce_perf,3,026,16777216,233.38
all_reduce_perf,3,027,16777216,233.27
all_reduce_perf,3,034,16777216,235.62
all_reduce_perf,3,035,16777216,233.59
all_reduce_perf,3,036,16777216,234.35
all_reduce_perf,3,037,16777216,233.29
all_reduce_perf,3,045,16777216,234.00
all_reduce_perf,3,046,16777216,234.13
all_reduce_perf,3,047,16777216,233.06
all_reduce_perf,3,056,16777216,234.15
all_reduce_perf,3,057,16777216,234.06
all_reduce_perf,3,067,16777216,234.50
all_reduce_perf,3,123,16777216,233.79
all_reduce_perf,3,124,16777216,232.00
all_reduce_perf,3,125,16777216,234.29
all_reduce_perf,3,126,16777216,234.79
all_reduce_perf,3,127,16777216,234.97
all_reduce_perf,3,134,16777216,232.10
all_reduce_perf,3,135,16777216,233.32
all_reduce_perf,3,136,16777216,232.90
all_reduce_perf,3,137,16777216,232.71
all_reduce_perf,3,145,16777216,234.17
all_reduce_perf,3,146,16777216,233.50
all_reduce_perf,3,147,16777216,232.82
all_reduce_perf,3,156,16777216,233.12
all_reduce_perf,3,157,16777216,232.88
all_reduce_perf,3,167,16777216,234.21
all_reduce_perf,3,234,16777216,233.63
all_reduce_perf,3,235,16777216,232.52
all_reduce_perf,3,236,16777216,234.02
all_reduce_perf,3,237,16777216,235.21
all_reduce_perf,3,245,16777216,233.76
all_reduce_perf,3,246,16777216,233.12
all_reduce_perf,3,247,16777216,233.67
all_reduce_perf,3,256,16777216,233.60
all_reduce_perf,3,257,16777216,233.46
all_reduce_perf,3,267,16777216,232.74
all_reduce_perf,3,345,16777216,233.66
all_reduce_perf,3,346,16777216,234.59
all_reduce_perf,3,347,16777216,235.87
all_reduce_perf,3,356,16777216,232.78
all_reduce_perf,3,357,16777216,234.22
all_reduce_perf,3,367,16777216,234.29
all_reduce_perf,3,456,16777216,232.86
all_reduce_perf,3,457,16777216,233.00
all_reduce_perf,3,467,16777216,233.07
all_reduce_perf,3,567,16777216,234.13
all_reduce_perf,4,0123,16777216,242.90
all_reduce_perf,4,0124,16777216,243.36
all_reduce_perf,4,0125,16777216,242.35
all_reduce_perf,4,0126,16777216,241.30
all_reduce_perf,4,0127,16777216,242.83
all_reduce_perf,4,0134,16777216,242.14
all_reduce_perf,4,0135,16777216,243.13
all_reduce_perf,4,0136,16777216,241.86
all_reduce_perf,4,0137,16777216,243.51
all_reduce_perf,4,0145,16777216,243.59
all_reduce_perf,4,0146,16777216,242.97
all_reduce_perf,4,0147,16777216,242.36
all_reduce_perf,4,0156,16777216,243.26
all_reduce_perf,4,0157,16777216,242.93
all_reduce_perf,4,0167,16777216,242.81
all_reduce_perf,4,0234,16777216,243.74
all_reduce_perf,4,0235,16777216,242.97
all_reduce_perf,4,0236,16777216,243.27
all_reduce_perf,4,0237,16777216,242.49
all_reduce_perf,4,0245,16777216,242.98
all_reduce_perf,4,0246,16777216,242.22
all_reduce_perf,4,0247,16777216,243.20
all_reduce_perf,4,0256,16777216,242.78
all_reduce_perf,4,0257,16777216,241.35
all_reduce_perf,4,0267,16777216,242.32
all_reduce_perf,4,0345,16777216,243.16
all_reduce_perf,4,0346,16777216,242.33
all_reduce_perf,4,0347,16777216,241.72
all_reduce_perf,4,0356,16777216,243.39
all_reduce_perf,4,0357,16777216,242.97
all_reduce_perf,4,0367,16777216,242.71
all_reduce_perf,4,0456,16777216,243.45
all_reduce_perf,4,0457,16777216,243.27
all_reduce_perf,4,0467,16777216,242.21
all_reduce_perf,4,0567,16777216,242.57
all_reduce_perf,4,1234,16777216,242.66
all_reduce_perf,4,1235,16777216,242.74
all_reduce_perf,4,1236,16777216,242.26
all_reduce_perf,4,1237,16777216,242.57
all_reduce_perf,4,1245,16777216,243.13
all_reduce_perf,4,1246,16777216,241.30
all_reduce_perf,4,1247,16777216,243.15
all_reduce_perf,4,1256,16777216,242.29
all_reduce_perf,4,1257,16777216,242.30
all_reduce_perf,4,1267,16777216,242.99
all_reduce_perf,4,1345,16777216,242.13
all_reduce_perf,4,1346,16777216,241.67
all_reduce_perf,4,1347,16777216,242.09
all_reduce_perf,4,1356,16777216,242.08
all_reduce_perf,4,1357,16777216,242.18
all_reduce_perf,4,1367,16777216,242.23
all_reduce_perf,4,1456,16777216,242.52
all_reduce_perf,4,1457,16777216,243.03
all_reduce_perf,4,1467,16777216,241.92
all_reduce_perf,4,1567,16777216,242.48
all_reduce_perf,4,2345,16777216,242.31
all_reduce_perf,4,2346,16777216,242.14
all_reduce_perf,4,2347,16777216,243.62
all_reduce_perf,4,2356,16777216,242.64
all_reduce_perf,4,2357,16777216,242.65
all_reduce_perf,4,2367,16777216,242.91
all_reduce_perf,4,2456,16777216,242.23
all_reduce_perf,4,2457,16777216,242.17
all_reduce_perf,4,2467,16777216,242.01
all_reduce_perf,4,2567,16777216,241.09
all_reduce_perf,4,3456,16777216,243.33
all_reduce_perf,4,3457,16777216,242.64
all_reduce_perf,4,3467,16777216,239.41
all_reduce_perf,4,3567,16777216,243.27
all_reduce_perf,4,4567,16777216,242.70
all_reduce_perf,5,01234,16777216,228.80
all_reduce_perf,5,01235,16777216,229.10
all_reduce_perf,5,01236,16777216,228.05
all_reduce_perf,5,01237,16777216,226.83
all_reduce_perf,5,01245,16777216,228.46
all_reduce_perf,5,01246,16777216,227.66
all_reduce_perf,5,01247,16777216,228.37
all_reduce_perf,5,01256,16777216,226.38
all_reduce_perf,5,01257,16777216,227.80
all_reduce_perf,5,01267,16777216,228.99
all_reduce_perf,5,01345,16777216,229.03
all_reduce_perf,5,01346,16777216,229.05
all_reduce_perf,5,01347,16777216,228.18
all_reduce_perf,5,01356,16777216,228.03
all_reduce_perf,5,01357,16777216,228.48
all_reduce_perf,5,01367,16777216,227.47
all_reduce_perf,5,01456,16777216,229.02
all_reduce_perf,5,01457,16777216,227.62
all_reduce_perf,5,01467,16777216,228.38
all_reduce_perf,5,01567,16777216,228.24
all_reduce_perf,5,02345,16777216,229.77
all_reduce_perf,5,02346,16777216,228.05
all_reduce_perf,5,02347,16777216,227.38
all_reduce_perf,5,02356,16777216,229.12
all_reduce_perf,5,02357,16777216,230.08
all_reduce_perf,5,02367,16777216,228.05
all_reduce_perf,5,02456,16777216,227.77
all_reduce_perf,5,02457,16777216,229.40
all_reduce_perf,5,02467,16777216,228.54
all_reduce_perf,5,02567,16777216,228.70
all_reduce_perf,5,03456,16777216,229.34
all_reduce_perf,5,03457,16777216,229.59
all_reduce_perf,5,03467,16777216,228.95
all_reduce_perf,5,03567,16777216,229.18
all_reduce_perf,5,04567,16777216,228.02
all_reduce_perf,5,12345,16777216,229.81
all_reduce_perf,5,12346,16777216,229.48
all_reduce_perf,5,12347,16777216,229.73
all_reduce_perf,5,12356,16777216,229.44
all_reduce_perf,5,12357,16777216,228.89
all_reduce_perf,5,12367,16777216,228.26
all_reduce_perf,5,12456,16777216,228.62
all_reduce_perf,5,12457,16777216,228.97
all_reduce_perf,5,12467,16777216,227.83
all_reduce_perf,5,12567,16777216,229.48
all_reduce_perf,5,13456,16777216,228.53
all_reduce_perf,5,13457,16777216,228.95
all_reduce_perf,5,13467,16777216,228.53
all_reduce_perf,5,13567,16777216,230.97
all_reduce_perf,5,14567,16777216,228.71
all_reduce_perf,5,23456,16777216,229.04
all_reduce_perf,5,23457,16777216,228.97
all_reduce_perf,5,23467,16777216,228.23
all_reduce_perf,5,23567,16777216,228.25
all_reduce_perf,5,24567,16777216,228.96
all_reduce_perf,5,34567,16777216,230.35
all_reduce_perf,6,012345,16777216,230.03
all_reduce_perf,6,012346,16777216,230.16
all_reduce_perf,6,012347,16777216,229.79
all_reduce_perf,6,012356,16777216,230.59
all_reduce_perf,6,012357,16777216,229.07
all_reduce_perf,6,012367,16777216,229.26
all_reduce_perf,6,012456,16777216,230.28
all_reduce_perf,6,012457,16777216,228.60
all_reduce_perf,6,012467,16777216,229.64
all_reduce_perf,6,012567,16777216,228.19
all_reduce_perf,6,013456,16777216,231.54
all_reduce_perf,6,013457,16777216,229.91
all_reduce_perf,6,013467,16777216,228.92
all_reduce_perf,6,013567,16777216,228.67
all_reduce_perf,6,014567,16777216,228.59
all_reduce_perf,6,023456,16777216,230.39
all_reduce_perf,6,023457,16777216,230.38
all_reduce_perf,6,023467,16777216,228.45
all_reduce_perf,6,023567,16777216,228.88
all_reduce_perf,6,024567,16777216,229.10
all_reduce_perf,6,034567,16777216,231.67
all_reduce_perf,6,123456,16777216,231.89
all_reduce_perf,6,123457,16777216,229.82
all_reduce_perf,6,123467,16777216,229.30
all_reduce_perf,6,123567,16777216,228.69
all_reduce_perf,6,124567,16777216,227.94
all_reduce_perf,6,134567,16777216,228.68
all_reduce_perf,6,234567,16777216,229.97
all_reduce_perf,7,0123456,16777216,233.82
all_reduce_perf,7,0123457,16777216,233.36
all_reduce_perf,7,0123467,16777216,234.32
all_reduce_perf,7,0123567,16777216,232.84
all_reduce_perf,7,0124567,16777216,233.91
all_reduce_perf,7,0134567,16777216,232.96
all_reduce_perf,7,0234567,16777216,232.70
all_reduce_perf,7,1234567,16777216,234.05
all_reduce_perf,8,01234567,16777216,234.80